c #db5d1a #e16320 #d15310 #cc4e0b #c74906 #d55714
c #de631a #e46920 #d45910 #cf540b #ca4f06 #d85d14
c #e25f1a #e86520 #d85510 #d3500b #ce4b06 #dc5914
c #e0631a #e66920 #d65910 #d1540b #cc4f06 #da5d14
c #e15f1a #e76520 #d75510 #d2500b #cd4b06 #db5914
c #e15e1a #e76420 #d75410 #d24f0b #cd4a06 #db5814
c #dc611a #e26720 #d25710 #cd520b #c84d06 #d65b14
c #e05e1a #e66420 #d65410 #d14f0b #cc4a06 #da5814
c #e1631a #e76920 #d75910 #d2540b #cd4f06 #db5d14
c #e35d1a #e96320 #d95310 #d44e0b #cf4906 #dd5714
c #e35f1a #e96520 #d95510 #d4500b #cf4b06 #dd5914
c #db5d1a #e16320 #d15310 #cc4e0b #c74906 #d55714
c #e25e1a #e86420 #d85410 #d34f0b #ce4a06 #dc5814
c #df631a #e56920 #d55910 #d0540b #cb4f06 #d95d14
c #df601a #e56620 #d55610 #d0510b #cb4c06 #d95a14
c #e3621a #e96820 #d95810 #d4530b #cf4e06 #dd5c14
o 0 0 0 1 1 1 7 2
o 1 0 0 1 1 1 2 2
o 2 0 0 1 1 1 10 2
o 3 0 0 1 1 1 7 2
o 4 0 0 1 1 1 12 2
o 5 0 0 1 1 1 15 2
o 6 0 0 1 1 1 7 2
o 7 0 0 1 1 1 0 2
o 8 0 0 1 1 1 5 2
o 9 0 0 1 1 1 6 2
o 10 0 0 1 1 1 6 2
o 11 0 0 1 1 1 4 2
o 12 0 0 1 1 1 15 2
o 13 0 0 1 1 1 8 2
o 14 0 0 1 1 1 2 2
o 15 0 0 1 1 1 1 2
o 16 0 0 1 1 1 4 2
o 17 0 0 1 1 1 14 2
o 18 0 0 1 1 1 5 2
o 19 0 0 1 1 1 3 2
o 20 0 0 1 1 1 15 2
o 21 0 0 1 1 1 14 2
o 22 0 0 1 1 1 7 2
o 23 0 0 1 1 1 10 2
o 24 0 0 1 1 1 6 2
o 25 0 0 1 1 1 10 2
o 26 0 0 1 1 1 13 2
o 27 0 0 1 1 1 11 2
o 28 0 0 1 1 1 7 2
o 29 0 0 1 1 1 14 2
o 30 0 0 1 1 1 9 2
o 31 0 0 1 1 1 4 2
o 0 0 1 1 1 1 11 2
o 1 0 1 1 1 1 13 2
o 2 0 1 1 1 1 8 2
o 3 0 1 1 1 1 14 2
o 4 0 1 1 1 1 2 2
o 5 0 1 1 1 1 4 2
o 6 0 1 1 1 1 4 2
o 7 0 1 1 1 1 11 2
o 8 0 1 1 1 1 7 2
o 9 0 1 1 1 1 14 2
o 10 0 1 1 1 1 5 2
o 11 0 1 1 1 1 7 2
o 12 0 1 1 1 1 6 2
o 13 0 1 1 1 1 6 2
o 14 0 1 1 1 1 9 2
o 15 0 1 1 1 1 3 2
o 16 0 1 1 1 1 9 2
o 17 0 1 1 1 1 7 2
o 18 0 1 1 1 1 14 2
o 19 0 1 1 1 1 5 2
o 20 0 1 1 1 1 15 2
o 21 0 1 1 1 1 0 2
o 22 0 1 1 1 1 10 2
o 23 0 1 1 1 1 1 2
o 24 0 1 1 1 1 10 2
o 25 0 1 1 1 1 14 2
o 26 0 1 1 1 1 8 2
o 27 0 1 1 1 1 6 2
o 28 0 1 1 1 1 15 2
o 29 0 1 1 1 1 2 2
o 30 0 1 1 1 1 9 2
o 31 0 1 1 1 1 12 2
o 0 0 2 1 1 1 10 2
o 1 0 2 1 1 1 12 2
o 2 0 2 1 1 1 13 2
o 3 0 2 1 1 1 1 2
o 4 0 2 1 1 1 8 2
o 5 0 2 1 1 1 3 2
o 6 0 2 1 1 1 1 2
o 7 0 2 1 1 1 2 2
o 8 0 2 1 1 1 8 2
o 9 0 2 1 1 1 6 2
o 10 0 2 1 1 1 5 2
o 11 0 2 1 1 1 12 2
o 12 0 2 1 1 1 5 2
o 13 0 2 1 1 1 14 2
o 14 0 2 1 1 1 1 2
o 15 0 2 1 1 1 15 2
o 16 0 2 1 1 1 10 2
o 17 0 2 1 1 1 12 2
o 18 0 2 1 1 1 8 2
o 19 0 2 1 1 1 1 2
o 20 0 2 1 1 1 15 2
o 21 0 2 1 1 1 10 2
o 22 0 2 1 1 1 3 2
o 23 0 2 1 1 1 10 2
o 24 0 2 1 1 1 7 2
o 25 0 2 1 1 1 5 2
o 26 0 2 1 1 1 4 2
o 27 0 2 1 1 1 9 2
o 28 0 2 1 1 1 14 2
o 29 0 2 1 1 1 2 2
o 30 0 2 1 1 1 13 2
o 31 0 2 1 1 1 15 2
o 0 0 3 1 1 1 12 2
o 1 0 3 1 1 1 4 2
o 2 0 3 1 1 1 2 2
o 3 0 3 1 1 1 7 2
o 4 0 3 1 1 1 11 2
o 5 0 3 1 1 1 12 2
o 6 0 3 1 1 1 5 2
o 7 0 3 1 1 1 13 2
o 8 0 3 1 1 1 1 2
o 9 0 3 1 1 1 7 2
o 10 0 3 1 1 1 12 2
o 11 0 3 1 1 1 4 2
o 12 0 3 1 1 1 0 2
o 13 0 3 1 1 1 11 2
o 14 0 3 1 1 1 9 2
o 15 0 3 1 1 1 4 2
o 16 0 3 1 1 1 7 2
o 17 0 3 1 1 1 4 2
o 18 0 3 1 1 1 13 2
o 19 0 3 1 1 1 10 2
o 20 0 3 1 1 1 15 2
o 21 0 3 1 1 1 6 2
o 22 0 3 1 1 1 15 2
o 23 0 3 1 1 1 13 2
o 24 0 3 1 1 1 1 2
o 25 0 3 1 1 1 13 2
o 26 0 3 1 1 1 14 2
o 27 0 3 1 1 1 2 2
o 28 0 3 1 1 1 3 2
o 29 0 3 1 1 1 8 2
o 30 0 3 1 1 1 6 2
o 31 0 3 1 1 1 11 2
o 0 0 4 1 1 1 6 2
o 1 0 4 1 1 1 13 2
o 2 0 4 1 1 1 2 2
o 3 0 4 1 1 1 4 2
o 4 0 4 1 1 1 1 2
o 5 0 4 1 1 1 1 2
o 6 0 4 1 1 1 1 2
o 7 0 4 1 1 1 7 2
o 8 0 4 1 1 1 4 2
o 9 0 4 1 1 1 7 2
o 10 0 4 1 1 1 5 2
o 11 0 4 1 1 1 7 2
o 12 0 4 1 1 1 0 2
o 13 0 4 1 1 1 6 2
o 14 0 4 1 1 1 2 2
o 15 0 4 1 1 1 0 2
o 16 0 4 1 1 1 8 2
o 17 0 4 1 1 1 0 2
o 18 0 4 1 1 1 0 2
o 19 0 4 1 1 1 13 2
o 20 0 4 1 1 1 8 2
o 21 0 4 1 1 1 15 2
o 22 0 4 1 1 1 10 2
o 23 0 4 1 1 1 0 2
o 24 0 4 1 1 1 6 2
o 25 0 4 1 1 1 8 2
o 26 0 4 1 1 1 0 2
o 27 0 4 1 1 1 11 2
o 28 0 4 1 1 1 11 2
o 29 0 4 1 1 1 4 2
o 30 0 4 1 1 1 10 2
o 31 0 4 1 1 1 13 2
o 0 0 5 1 1 1 2 2
o 1 0 5 1 1 1 6 2
o 2 0 5 1 1 1 13 2
o 3 0 5 1 1 1 0 2
o 4 0 5 1 1 1 8 2
o 5 0 5 1 1 1 13 2
o 6 0 5 1 1 1 0 2
o 7 0 5 1 1 1 8 2
o 8 0 5 1 1 1 2 2
o 9 0 5 1 1 1 5 2
o 10 0 5 1 1 1 12 2
o 11 0 5 1 1 1 4 2
o 12 0 5 1 1 1 15 2
o 13 0 5 1 1 1 1 2
o 14 0 5 1 1 1 9 2
o 15 0 5 1 1 1 11 2
o 16 0 5 1 1 1 8 2
o 17 0 5 1 1 1 4 2
o 18 0 5 1 1 1 13 2
o 19 0 5 1 1 1 6 2
o 20 0 5 1 1 1 2 2
o 21 0 5 1 1 1 15 2
o 22 0 5 1 1 1 15 2
o 23 0 5 1 1 1 4 2
o 24 0 5 1 1 1 1 2
o 25 0 5 1 1 1 12 2
o 26 0 5 1 1 1 6 2
o 27 0 5 1 1 1 14 2
o 28 0 5 1 1 1 11 2
o 29 0 5 1 1 1 13 2
o 30 0 5 1 1 1 9 2
o 31 0 5 1 1 1 9 2
o 0 0 6 1 1 1 3 2
o 1 0 6 1 1 1 2 2
o 2 0 6 1 1 1 12 2
o 3 0 6 1 1 1 2 2
o 4 0 6 1 1 1 9 2
o 5 0 6 1 1 1 13 2
o 6 0 6 1 1 1 10 2
o 7 0 6 1 1 1 2 2
o 8 0 6 1 1 1 6 2
o 9 0 6 1 1 1 7 2
o 10 0 6 1 1 1 14 2
o 11 0 6 1 1 1 12 2
o 12 0 6 1 1 1 11 2
o 13 0 6 1 1 1 12 2
o 14 0 6 1 1 1 8 2
o 15 0 6 1 1 1 13 2
o 16 0 6 1 1 1 5 2
o 17 0 6 1 1 1 14 2
o 18 0 6 1 1 1 12 2
o 19 0 6 1 1 1 4 2
o 20 0 6 1 1 1 8 2
o 21 0 6 1 1 1 11 2
o 22 0 6 1 1 1 5 2
o 23 0 6 1 1 1 12 2
o 24 0 6 1 1 1 13 2
o 25 0 6 1 1 1 6 2
o 26 0 6 1 1 1 12 2
o 27 0 6 1 1 1 12 2
o 28 0 6 1 1 1 6 2
o 29 0 6 1 1 1 13 2
o 30 0 6 1 1 1 3 2
o 31 0 6 1 1 1 14 2
o 0 0 7 1 1 1 1 2
o 1 0 7 1 1 1 12 2
o 2 0 7 1 1 1 11 2
o 3 0 7 1 1 1 0 2
o 4 0 7 1 1 1 15 2
o 5 0 7 1 1 1 4 2
o 6 0 7 1 1 1 11 2
o 7 0 7 1 1 1 6 2
o 8 0 7 1 1 1 12 2
o 9 0 7 1 1 1 15 2
o 10 0 7 1 1 1 0 2
o 11 0 7 1 1 1 10 2
o 12 0 7 1 1 1 5 2
o 13 0 7 1 1 1 8 2
o 14 0 7 1 1 1 9 2
o 15 0 7 1 1 1 1 2
o 16 0 7 1 1 1 1 2
o 17 0 7 1 1 1 7 2
o 18 0 7 1 1 1 10 2
o 19 0 7 1 1 1 2 2
o 20 0 7 1 1 1 8 2
o 21 0 7 1 1 1 14 2
o 22 0 7 1 1 1 9 2
o 23 0 7 1 1 1 9 2
o 24 0 7 1 1 1 10 2
o 25 0 7 1 1 1 11 2
o 26 0 7 1 1 1 12 2
o 27 0 7 1 1 1 2 2
o 28 0 7 1 1 1 5 2
o 29 0 7 1 1 1 9 2
o 30 0 7 1 1 1 8 2
o 31 0 7 1 1 1 0 2
o 0 0 8 1 1 1 7 2
o 1 0 8 1 1 1 11 2
o 2 0 8 1 1 1 6 2
o 3 0 8 1 1 1 8 2
o 4 0 8 1 1 1 13 2
o 5 0 8 1 1 1 4 2
o 6 0 8 1 1 1 13 2
o 7 0 8 1 1 1 13 2
o 8 0 8 1 1 1 13 2
o 9 0 8 1 1 1 6 2
o 10 0 8 1 1 1 6 2
o 11 0 8 1 1 1 10 2
o 12 0 8 1 1 1 13 2
o 13 0 8 1 1 1 5 2
o 14 0 8 1 1 1 15 2
o 15 0 8 1 1 1 6 2
o 16 0 8 1 1 1 0 2
o 17 0 8 1 1 1 2 2
o 18 0 8 1 1 1 3 2
o 19 0 8 1 1 1 14 2
o 20 0 8 1 1 1 5 2
o 21 0 8 1 1 1 12 2
o 22 0 8 1 1 1 3 2
o 23 0 8 1 1 1 2 2
o 24 0 8 1 1 1 14 2
o 25 0 8 1 1 1 11 2
o 26 0 8 1 1 1 14 2
o 27 0 8 1 1 1 7 2
o 28 0 8 1 1 1 14 2
o 29 0 8 1 1 1 14 2
o 30 0 8 1 1 1 0 2
o 31 0 8 1 1 1 6 2
o 0 0 9 1 1 1 7 2
o 1 0 9 1 1 1 11 2
o 2 0 9 1 1 1 13 2
o 3 0 9 1 1 1 6 2
o 4 0 9 1 1 1 0 2
o 5 0 9 1 1 1 12 2
o 6 0 9 1 1 1 4 2
o 7 0 9 1 1 1 5 2
o 8 0 9 1 1 1 7 2
o 9 0 9 1 1 1 5 2
o 10 0 9 1 1 1 11 2
o 11 0 9 1 1 1 15 2
o 12 0 9 1 1 1 6 2
o 13 0 9 1 1 1 12 2
o 14 0 9 1 1 1 9 2
o 15 0 9 1 1 1 14 2
o 16 0 9 1 1 1 12 2
o 17 0 9 1 1 1 2 2
o 18 0 9 1 1 1 4 2
o 19 0 9 1 1 1 10 2
o 20 0 9 1 1 1 11 2
o 21 0 9 1 1 1 9 2
o 22 0 9 1 1 1 14 2
o 23 0 9 1 1 1 6 2
o 24 0 9 1 1 1 0 2
o 25 0 9 1 1 1 5 2
o 26 0 9 1 1 1 4 2
o 27 0 9 1 1 1 6 2
o 28 0 9 1 1 1 15 2
o 29 0 9 1 1 1 14 2
o 30 0 9 1 1 1 14 2
o 31 0 9 1 1 1 1 2
o 0 0 10 1 1 1 15 2
o 1 0 10 1 1 1 12 2
o 2 0 10 1 1 1 10 2
o 3 0 10 1 1 1 10 2
o 4 0 10 1 1 1 9 2
o 5 0 10 1 1 1 1 2
o 6 0 10 1 1 1 10 2
o 7 0 10 1 1 1 8 2
o 8 0 10 1 1 1 6 2
o 9 0 10 1 1 1 4 2
o 10 0 10 1 1 1 1 2
o 11 0 10 1 1 1 4 2
o 12 0 10 1 1 1 3 2
o 13 0 10 1 1 1 9 2
o 14 0 10 1 1 1 3 2
o 15 0 10 1 1 1 0 2
o 16 0 10 1 1 1 14 2
o 17 0 10 1 1 1 2 2
o 18 0 10 1 1 1 2 2
o 19 0 10 1 1 1 10 2
o 20 0 10 1 1 1 10 2
o 21 0 10 1 1 1 13 2
o 22 0 10 1 1 1 12 2
o 23 0 10 1 1 1 7 2
o 24 0 10 1 1 1 7 2
o 25 0 10 1 1 1 9 2
o 26 0 10 1 1 1 12 2
o 27 0 10 1 1 1 14 2
o 28 0 10 1 1 1 4 2
o 29 0 10 1 1 1 11 2
o 30 0 10 1 1 1 15 2
o 31 0 10 1 1 1 6 2
o 0 0 11 1 1 1 5 2
o 1 0 11 1 1 1 10 2
o 2 0 11 1 1 1 1 2
o 3 0 11 1 1 1 2 2
o 4 0 11 1 1 1 4 2
o 5 0 11 1 1 1 12 2
o 6 0 11 1 1 1 4 2
o 7 0 11 1 1 1 8 2
o 8 0 11 1 1 1 0 2
o 9 0 11 1 1 1 0 2
o 10 0 11 1 1 1 3 2
o 11 0 11 1 1 1 15 2
o 12 0 11 1 1 1 7 2
o 13 0 11 1 1 1 1 2
o 14 0 11 1 1 1 4 2
o 15 0 11 1 1 1 8 2
o 16 0 11 1 1 1 7 2
o 17 0 11 1 1 1 5 2
o 18 0 11 1 1 1 1 2
o 19 0 11 1 1 1 3 2
o 20 0 11 1 1 1 10 2
o 21 0 11 1 1 1 1 2
o 22 0 11 1 1 1 12 2
o 23 0 11 1 1 1 6 2
o 24 0 11 1 1 1 11 2
o 25 0 11 1 1 1 12 2
o 26 0 11 1 1 1 6 2
o 27 0 11 1 1 1 13 2
o 28 0 11 1 1 1 11 2
o 29 0 11 1 1 1 6 2
o 30 0 11 1 1 1 11 2
o 31 0 11 1 1 1 5 2
o 0 0 12 1 1 1 11 2
o 1 0 12 1 1 1 2 2
o 2 0 12 1 1 1 1 2
o 3 0 12 1 1 1 3 2
o 4 0 12 1 1 1 10 2
o 5 0 12 1 1 1 7 2
o 6 0 12 1 1 1 8 2
o 7 0 12 1 1 1 14 2
o 8 0 12 1 1 1 9 2
o 9 0 12 1 1 1 10 2
o 10 0 12 1 1 1 6 2
o 11 0 12 1 1 1 13 2
o 12 0 12 1 1 1 1 2
o 13 0 12 1 1 1 2 2
o 14 0 12 1 1 1 13 2
o 15 0 12 1 1 1 14 2
o 16 0 12 1 1 1 13 2
o 17 0 12 1 1 1 1 2
o 18 0 12 1 1 1 11 2
o 19 0 12 1 1 1 10 2
o 20 0 12 1 1 1 13 2
o 21 0 12 1 1 1 1 2
o 22 0 12 1 1 1 6 2
o 23 0 12 1 1 1 1 2
o 24 0 12 1 1 1 15 2
o 25 0 12 1 1 1 2 2
o 26 0 12 1 1 1 1 2
o 27 0 12 1 1 1 2 2
o 28 0 12 1 1 1 0 2
o 29 0 12 1 1 1 7 2
o 30 0 12 1 1 1 9 2
o 31 0 12 1 1 1 15 2
o 0 0 13 1 1 1 9 2
o 1 0 13 1 1 1 7 2
o 2 0 13 1 1 1 8 2
o 3 0 13 1 1 1 10 2
o 4 0 13 1 1 1 2 2
o 5 0 13 1 1 1 14 2
o 6 0 13 1 1 1 15 2
o 7 0 13 1 1 1 3 2
o 8 0 13 1 1 1 0 2
o 9 0 13 1 1 1 1 2
o 10 0 13 1 1 1 11 2
o 11 0 13 1 1 1 13 2
o 12 0 13 1 1 1 11 2
o 13 0 13 1 1 1 5 2
o 14 0 13 1 1 1 11 2
o 15 0 13 1 1 1 14 2
o 16 0 13 1 1 1 12 2
o 17 0 13 1 1 1 7 2
o 18 0 13 1 1 1 15 2
o 19 0 13 1 1 1 2 2
o 20 0 13 1 1 1 5 2
o 21 0 13 1 1 1 7 2
o 22 0 13 1 1 1 3 2
o 23 0 13 1 1 1 12 2
o 24 0 13 1 1 1 1 2
o 25 0 13 1 1 1 11 2
o 26 0 13 1 1 1 9 2
o 27 0 13 1 1 1 15 2
o 28 0 13 1 1 1 9 2
o 29 0 13 1 1 1 1 2
o 30 0 13 1 1 1 11 2
o 31 0 13 1 1 1 2 2
o 0 0 14 1 1 1 1 2
o 1 0 14 1 1 1 11 2
o 2 0 14 1 1 1 1 2
o 3 0 14 1 1 1 0 2
o 4 0 14 1 1 1 15 2
o 5 0 14 1 1 1 4 2
o 6 0 14 1 1 1 12 2
o 7 0 14 1 1 1 6 2
o 8 0 14 1 1 1 3 2
o 9 0 14 1 1 1 1 2
o 10 0 14 1 1 1 1 2
o 11 0 14 1 1 1 9 2
o 12 0 14 1 1 1 1 2
o 13 0 14 1 1 1 6 2
o 14 0 14 1 1 1 8 2
o 15 0 14 1 1 1 4 2
o 16 0 14 1 1 1 10 2
o 17 0 14 1 1 1 5 2
o 18 0 14 1 1 1 12 2
o 19 0 14 1 1 1 6 2
o 20 0 14 1 1 1 4 2
o 21 0 14 1 1 1 3 2
o 22 0 14 1 1 1 1 2
o 23 0 14 1 1 1 0 2
o 24 0 14 1 1 1 13 2
o 25 0 14 1 1 1 4 2
o 26 0 14 1 1 1 9 2
o 27 0 14 1 1 1 4 2
o 28 0 14 1 1 1 14 2
o 29 0 14 1 1 1 7 2
o 30 0 14 1 1 1 2 2
o 31 0 14 1 1 1 14 2
o 0 0 15 1 1 1 6 2
o 1 0 15 1 1 1 11 2
o 2 0 15 1 1 1 1 2
o 3 0 15 1 1 1 1 2
o 4 0 15 1 1 1 10 2
o 5 0 15 1 1 1 3 2
o 6 0 15 1 1 1 4 2
o 7 0 15 1 1 1 14 2
o 8 0 15 1 1 1 15 2
o 9 0 15 1 1 1 1 2
o 10 0 15 1 1 1 0 2
o 11 0 15 1 1 1 15 2
o 12 0 15 1 1 1 11 2
o 13 0 15 1 1 1 5 2
o 14 0 15 1 1 1 5 2
o 15 0 15 1 1 1 7 2
o 16 0 15 1 1 1 8 2
o 17 0 15 1 1 1 15 2
o 18 0 15 1 1 1 8 2
o 19 0 15 1 1 1 5 2
o 20 0 15 1 1 1 14 2
o 21 0 15 1 1 1 3 2
o 22 0 15 1 1 1 1 2
o 23 0 15 1 1 1 14 2
o 24 0 15 1 1 1 6 2
o 25 0 15 1 1 1 6 2
o 26 0 15 1 1 1 6 2
o 27 0 15 1 1 1 0 2
o 28 0 15 1 1 1 12 2
o 29 0 15 1 1 1 8 2
o 30 0 15 1 1 1 10 2
o 31 0 15 1 1 1 2 2
o 0 0 16 1 1 1 7 2
o 1 0 16 1 1 1 9 2
o 2 0 16 1 1 1 1 2
o 3 0 16 1 1 1 11 2
o 4 0 16 1 1 1 9 2
o 5 0 16 1 1 1 5 2
o 6 0 16 1 1 1 0 2
o 7 0 16 1 1 1 2 2
o 8 0 16 1 1 1 9 2
o 9 0 16 1 1 1 0 2
o 10 0 16 1 1 1 2 2
o 11 0 16 1 1 1 14 2
o 12 0 16 1 1 1 11 2
o 13 0 16 1 1 1 9 2
o 14 0 16 1 1 1 15 2
o 15 0 16 1 1 1 9 2
o 16 0 16 1 1 1 0 2
o 17 0 16 1 1 1 2 2
o 18 0 16 1 1 1 11 2
o 19 0 16 1 1 1 13 2
o 20 0 16 1 1 1 14 2
o 21 0 16 1 1 1 4 2
o 22 0 16 1 1 1 0 2
o 23 0 16 1 1 1 5 2
o 24 0 16 1 1 1 6 2
o 25 0 16 1 1 1 13 2
o 26 0 16 1 1 1 3 2
o 27 0 16 1 1 1 9 2
o 28 0 16 1 1 1 0 2
o 29 0 16 1 1 1 15 2
o 30 0 16 1 1 1 10 2
o 31 0 16 1 1 1 12 2
o 0 0 17 1 1 1 6 2
o 1 0 17 1 1 1 13 2
o 2 0 17 1 1 1 0 2
o 3 0 17 1 1 1 13 2
o 4 0 17 1 1 1 0 2
o 5 0 17 1 1 1 1 2
o 6 0 17 1 1 1 10 2
o 7 0 17 1 1 1 11 2
o 8 0 17 1 1 1 2 2
o 9 0 17 1 1 1 4 2
o 10 0 17 1 1 1 13 2
o 11 0 17 1 1 1 2 2
o 12 0 17 1 1 1 6 2
o 13 0 17 1 1 1 15 2
o 14 0 17 1 1 1 1 2
o 15 0 17 1 1 1 10 2
o 16 0 17 1 1 1 5 2
o 17 0 17 1 1 1 10 2
o 18 0 17 1 1 1 11 2
o 19 0 17 1 1 1 13 2
o 20 0 17 1 1 1 9 2
o 21 0 17 1 1 1 9 2
o 22 0 17 1 1 1 13 2
o 23 0 17 1 1 1 12 2
o 24 0 17 1 1 1 15 2
o 25 0 17 1 1 1 7 2
o 26 0 17 1 1 1 0 2
o 27 0 17 1 1 1 2 2
o 28 0 17 1 1 1 12 2
o 29 0 17 1 1 1 15 2
o 30 0 17 1 1 1 7 2
o 31 0 17 1 1 1 1 2
o 0 0 18 1 1 1 0 2
o 1 0 18 1 1 1 10 2
o 2 0 18 1 1 1 10 2
o 3 0 18 1 1 1 9 2
o 4 0 18 1 1 1 13 2
o 5 0 18 1 1 1 8 2
o 6 0 18 1 1 1 5 2
o 7 0 18 1 1 1 11 2
o 8 0 18 1 1 1 8 2
o 9 0 18 1 1 1 9 2
o 10 0 18 1 1 1 9 2
o 11 0 18 1 1 1 15 2
o 12 0 18 1 1 1 12 2
o 13 0 18 1 1 1 5 2
o 14 0 18 1 1 1 5 2
o 15 0 18 1 1 1 2 2
o 16 0 18 1 1 1 15 2
o 17 0 18 1 1 1 15 2
o 18 0 18 1 1 1 8 2
o 19 0 18 1 1 1 6 2
o 20 0 18 1 1 1 14 2
o 21 0 18 1 1 1 14 2
o 22 0 18 1 1 1 7 2
o 23 0 18 1 1 1 8 2
o 24 0 18 1 1 1 5 2
o 25 0 18 1 1 1 4 2
o 26 0 18 1 1 1 8 2
o 27 0 18 1 1 1 12 2
o 28 0 18 1 1 1 6 2
o 29 0 18 1 1 1 3 2
o 30 0 18 1 1 1 3 2
o 31 0 18 1 1 1 10 2
o 0 0 19 1 1 1 14 2
o 1 0 19 1 1 1 15 2
o 2 0 19 1 1 1 2 2
o 3 0 19 1 1 1 15 2
o 4 0 19 1 1 1 13 2
o 5 0 19 1 1 1 4 2
o 6 0 19 1 1 1 11 2
o 7 0 19 1 1 1 9 2
o 8 0 19 1 1 1 1 2
o 9 0 19 1 1 1 14 2
o 10 0 19 1 1 1 2 2
o 11 0 19 1 1 1 3 2
o 12 0 19 1 1 1 8 2
o 13 0 19 1 1 1 14 2
o 14 0 19 1 1 1 4 2
o 15 0 19 1 1 1 0 2
o 16 0 19 1 1 1 4 2
o 17 0 19 1 1 1 12 2
o 18 0 19 1 1 1 2 2
o 19 0 19 1 1 1 10 2
o 20 0 19 1 1 1 12 2
o 21 0 19 1 1 1 7 2
o 22 0 19 1 1 1 5 2
o 23 0 19 1 1 1 6 2
o 24 0 19 1 1 1 7 2
o 25 0 19 1 1 1 10 2
o 26 0 19 1 1 1 11 2
o 27 0 19 1 1 1 11 2
o 28 0 19 1 1 1 1 2
o 29 0 19 1 1 1 12 2
o 30 0 19 1 1 1 1 2
o 31 0 19 1 1 1 12 2
o 0 0 20 1 1 1 4 2
o 1 0 20 1 1 1 3 2
o 2 0 20 1 1 1 2 2
o 3 0 20 1 1 1 8 2
o 4 0 20 1 1 1 14 2
o 5 0 20 1 1 1 12 2
o 6 0 20 1 1 1 3 2
o 7 0 20 1 1 1 15 2
o 8 0 20 1 1 1 15 2
o 9 0 20 1 1 1 14 2
o 10 0 20 1 1 1 5 2
o 11 0 20 1 1 1 0 2
o 12 0 20 1 1 1 8 2
o 13 0 20 1 1 1 15 2
o 14 0 20 1 1 1 1 2
o 15 0 20 1 1 1 0 2
o 16 0 20 1 1 1 9 2
o 17 0 20 1 1 1 7 2
o 18 0 20 1 1 1 13 2
o 19 0 20 1 1 1 14 2
o 20 0 20 1 1 1 0 2
o 21 0 20 1 1 1 3 2
o 22 0 20 1 1 1 1 2
o 23 0 20 1 1 1 15 2
o 24 0 20 1 1 1 11 2
o 25 0 20 1 1 1 6 2
o 26 0 20 1 1 1 12 2
o 27 0 20 1 1 1 6 2
o 28 0 20 1 1 1 3 2
o 29 0 20 1 1 1 11 2
o 30 0 20 1 1 1 7 2
o 31 0 20 1 1 1 5 2
o 0 0 21 1 1 1 0 2
o 1 0 21 1 1 1 15 2
o 2 0 21 1 1 1 15 2
o 3 0 21 1 1 1 0 2
o 4 0 21 1 1 1 15 2
o 5 0 21 1 1 1 6 2
o 6 0 21 1 1 1 14 2
o 7 0 21 1 1 1 9 2
o 8 0 21 1 1 1 2 2
o 9 0 21 1 1 1 8 2
o 10 0 21 1 1 1 13 2
o 11 0 21 1 1 1 11 2
o 12 0 21 1 1 1 2 2
o 13 0 21 1 1 1 2 2
o 14 0 21 1 1 1 5 2
o 15 0 21 1 1 1 11 2
o 16 0 21 1 1 1 12 2
o 17 0 21 1 1 1 13 2
o 18 0 21 1 1 1 6 2
o 19 0 21 1 1 1 1 2
o 20 0 21 1 1 1 8 2
o 21 0 21 1 1 1 4 2
o 22 0 21 1 1 1 9 2
o 23 0 21 1 1 1 8 2
o 24 0 21 1 1 1 11 2
o 25 0 21 1 1 1 2 2
o 26 0 21 1 1 1 11 2
o 27 0 21 1 1 1 3 2
o 28 0 21 1 1 1 2 2
o 29 0 21 1 1 1 8 2
o 30 0 21 1 1 1 13 2
o 31 0 21 1 1 1 14 2
o 0 0 22 1 1 1 8 2
o 1 0 22 1 1 1 15 2
o 2 0 22 1 1 1 13 2
o 3 0 22 1 1 1 5 2
o 4 0 22 1 1 1 14 2
o 5 0 22 1 1 1 8 2
o 6 0 22 1 1 1 3 2
o 7 0 22 1 1 1 0 2
o 8 0 22 1 1 1 8 2
o 9 0 22 1 1 1 12 2
o 10 0 22 1 1 1 6 2
o 11 0 22 1 1 1 8 2
o 12 0 22 1 1 1 1 2
o 13 0 22 1 1 1 5 2
o 14 0 22 1 1 1 6 2
o 15 0 22 1 1 1 10 2
o 16 0 22 1 1 1 0 2
o 17 0 22 1 1 1 3 2
o 18 0 22 1 1 1 8 2
o 19 0 22 1 1 1 14 2
o 20 0 22 1 1 1 8 2
o 21 0 22 1 1 1 9 2
o 22 0 22 1 1 1 9 2
o 23 0 22 1 1 1 6 2
o 24 0 22 1 1 1 11 2
o 25 0 22 1 1 1 3 2
o 26 0 22 1 1 1 0 2
o 27 0 22 1 1 1 1 2
o 28 0 22 1 1 1 1 2
o 29 0 22 1 1 1 3 2
o 30 0 22 1 1 1 0 2
o 31 0 22 1 1 1 9 2
o 0 0 23 1 1 1 11 2
o 1 0 23 1 1 1 7 2
o 2 0 23 1 1 1 1 2
o 3 0 23 1 1 1 13 2
o 4 0 23 1 1 1 3 2
o 5 0 23 1 1 1 0 2
o 6 0 23 1 1 1 13 2
o 7 0 23 1 1 1 5 2
o 8 0 23 1 1 1 2 2
o 9 0 23 1 1 1 7 2
o 10 0 23 1 1 1 11 2
o 11 0 23 1 1 1 9 2
o 12 0 23 1 1 1 7 2
o 13 0 23 1 1 1 5 2
o 14 0 23 1 1 1 1 2
o 15 0 23 1 1 1 1 2
o 16 0 23 1 1 1 8 2
o 17 0 23 1 1 1 7 2
o 18 0 23 1 1 1 2 2
o 19 0 23 1 1 1 5 2
o 20 0 23 1 1 1 8 2
o 21 0 23 1 1 1 12 2
o 22 0 23 1 1 1 13 2
o 23 0 23 1 1 1 1 2
o 24 0 23 1 1 1 1 2
o 25 0 23 1 1 1 0 2
o 26 0 23 1 1 1 12 2
o 27 0 23 1 1 1 15 2
o 28 0 23 1 1 1 2 2
o 29 0 23 1 1 1 5 2
o 30 0 23 1 1 1 2 2
o 31 0 23 1 1 1 0 2
o 0 0 24 1 1 1 2 2
o 1 0 24 1 1 1 6 2
o 2 0 24 1 1 1 1 2
o 3 0 24 1 1 1 9 2
o 4 0 24 1 1 1 6 2
o 5 0 24 1 1 1 3 2
o 6 0 24 1 1 1 7 2
o 7 0 24 1 1 1 3 2
o 8 0 24 1 1 1 7 2
o 9 0 24 1 1 1 5 2
o 10 0 24 1 1 1 12 2
o 11 0 24 1 1 1 7 2
o 12 0 24 1 1 1 9 2
o 13 0 24 1 1 1 15 2
o 14 0 24 1 1 1 15 2
o 15 0 24 1 1 1 10 2
o 16 0 24 1 1 1 12 2
o 17 0 24 1 1 1 13 2
o 18 0 24 1 1 1 3 2
o 19 0 24 1 1 1 10 2
o 20 0 24 1 1 1 7 2
o 21 0 24 1 1 1 14 2
o 22 0 24 1 1 1 1 2
o 23 0 24 1 1 1 1 2
o 24 0 24 1 1 1 15 2
o 25 0 24 1 1 1 4 2
o 26 0 24 1 1 1 5 2
o 27 0 24 1 1 1 11 2
o 28 0 24 1 1 1 12 2
o 29 0 24 1 1 1 15 2
o 30 0 24 1 1 1 9 2
o 31 0 24 1 1 1 4 2
o 0 0 25 1 1 1 4 2
o 1 0 25 1 1 1 13 2
o 2 0 25 1 1 1 14 2
o 3 0 25 1 1 1 2 2
o 4 0 25 1 1 1 3 2
o 5 0 25 1 1 1 5 2
o 6 0 25 1 1 1 6 2
o 7 0 25 1 1 1 9 2
o 8 0 25 1 1 1 13 2
o 9 0 25 1 1 1 8 2
o 10 0 25 1 1 1 4 2
o 11 0 25 1 1 1 8 2
o 12 0 25 1 1 1 10 2
o 13 0 25 1 1 1 6 2
o 14 0 25 1 1 1 13 2
o 15 0 25 1 1 1 2 2
o 16 0 25 1 1 1 5 2
o 17 0 25 1 1 1 15 2
o 18 0 25 1 1 1 1 2
o 19 0 25 1 1 1 15 2
o 20 0 25 1 1 1 5 2
o 21 0 25 1 1 1 5 2
o 22 0 25 1 1 1 5 2
o 23 0 25 1 1 1 1 2
o 24 0 25 1 1 1 5 2
o 25 0 25 1 1 1 4 2
o 26 0 25 1 1 1 2 2
o 27 0 25 1 1 1 8 2
o 28 0 25 1 1 1 0 2
o 29 0 25 1 1 1 1 2
o 30 0 25 1 1 1 0 2
o 31 0 25 1 1 1 10 2
o 0 0 26 1 1 1 15 2
o 1 0 26 1 1 1 15 2
o 2 0 26 1 1 1 0 2
o 3 0 26 1 1 1 14 2
o 4 0 26 1 1 1 3 2
o 5 0 26 1 1 1 7 2
o 6 0 26 1 1 1 10 2
o 7 0 26 1 1 1 4 2
o 8 0 26 1 1 1 2 2
o 9 0 26 1 1 1 6 2
o 10 0 26 1 1 1 4 2
o 11 0 26 1 1 1 12 2
o 12 0 26 1 1 1 5 2
o 13 0 26 1 1 1 15 2
o 14 0 26 1 1 1 0 2
o 15 0 26 1 1 1 3 2
o 16 0 26 1 1 1 9 2
o 17 0 26 1 1 1 6 2
o 18 0 26 1 1 1 5 2
o 19 0 26 1 1 1 12 2
o 20 0 26 1 1 1 11 2
o 21 0 26 1 1 1 14 2
o 22 0 26 1 1 1 9 2
o 23 0 26 1 1 1 15 2
o 24 0 26 1 1 1 14 2
o 25 0 26 1 1 1 2 2
o 26 0 26 1 1 1 1 2
o 27 0 26 1 1 1 3 2
o 28 0 26 1 1 1 10 2
o 29 0 26 1 1 1 8 2
o 30 0 26 1 1 1 0 2
o 31 0 26 1 1 1 12 2
o 0 0 27 1 1 1 3 2
o 1 0 27 1 1 1 7 2
o 2 0 27 1 1 1 5 2
o 3 0 27 1 1 1 3 2
o 4 0 27 1 1 1 3 2
o 5 0 27 1 1 1 3 2
o 6 0 27 1 1 1 3 2
o 7 0 27 1 1 1 5 2
o 8 0 27 1 1 1 2 2
o 9 0 27 1 1 1 9 2
o 10 0 27 1 1 1 6 2
o 11 0 27 1 1 1 15 2
o 12 0 27 1 1 1 10 2
o 13 0 27 1 1 1 0 2
o 14 0 27 1 1 1 5 2
o 15 0 27 1 1 1 1 2
o 16 0 27 1 1 1 2 2
o 17 0 27 1 1 1 2 2
o 18 0 27 1 1 1 8 2
o 19 0 27 1 1 1 2 2
o 20 0 27 1 1 1 14 2
o 21 0 27 1 1 1 12 2
o 22 0 27 1 1 1 10 2
o 23 0 27 1 1 1 12 2
o 24 0 27 1 1 1 13 2
o 25 0 27 1 1 1 1 2
o 26 0 27 1 1 1 3 2
o 27 0 27 1 1 1 15 2
o 28 0 27 1 1 1 10 2
o 29 0 27 1 1 1 14 2
o 30 0 27 1 1 1 13 2
o 31 0 27 1 1 1 11 2
o 0 0 28 1 1 1 12 2
o 1 0 28 1 1 1 15 2
o 2 0 28 1 1 1 14 2
o 3 0 28 1 1 1 15 2
o 4 0 28 1 1 1 14 2
o 5 0 28 1 1 1 13 2
o 6 0 28 1 1 1 8 2
o 7 0 28 1 1 1 6 2
o 8 0 28 1 1 1 6 2
o 9 0 28 1 1 1 10 2
o 10 0 28 1 1 1 4 2
o 11 0 28 1 1 1 8 2
o 12 0 28 1 1 1 2 2
o 13 0 28 1 1 1 12 2
o 14 0 28 1 1 1 10 2
o 15 0 28 1 1 1 7 2
o 16 0 28 1 1 1 15 2
o 17 0 28 1 1 1 8 2
o 18 0 28 1 1 1 10 2
o 19 0 28 1 1 1 9 2
o 20 0 28 1 1 1 0 2
o 21 0 28 1 1 1 14 2
o 22 0 28 1 1 1 1 2
o 23 0 28 1 1 1 12 2
o 24 0 28 1 1 1 14 2
o 25 0 28 1 1 1 15 2
o 26 0 28 1 1 1 8 2
o 27 0 28 1 1 1 14 2
o 28 0 28 1 1 1 0 2
o 29 0 28 1 1 1 4 2
o 30 0 28 1 1 1 8 2
o 31 0 28 1 1 1 0 2
o 0 0 29 1 1 1 13 2
o 1 0 29 1 1 1 14 2
o 2 0 29 1 1 1 6 2
o 3 0 29 1 1 1 8 2
o 4 0 29 1 1 1 10 2
o 5 0 29 1 1 1 6 2
o 6 0 29 1 1 1 4 2
o 7 0 29 1 1 1 4 2
o 8 0 29 1 1 1 14 2
o 9 0 29 1 1 1 12 2
o 10 0 29 1 1 1 7 2
o 11 0 29 1 1 1 15 2
o 12 0 29 1 1 1 3 2
o 13 0 29 1 1 1 10 2
o 14 0 29 1 1 1 7 2
o 15 0 29 1 1 1 0 2
o 16 0 29 1 1 1 9 2
o 17 0 29 1 1 1 4 2
o 18 0 29 1 1 1 11 2
o 19 0 29 1 1 1 3 2
o 20 0 29 1 1 1 15 2
o 21 0 29 1 1 1 14 2
o 22 0 29 1 1 1 9 2
o 23 0 29 1 1 1 13 2
o 24 0 29 1 1 1 7 2
o 25 0 29 1 1 1 12 2
o 26 0 29 1 1 1 15 2
o 27 0 29 1 1 1 3 2
o 28 0 29 1 1 1 14 2
o 29 0 29 1 1 1 7 2
o 30 0 29 1 1 1 13 2
o 31 0 29 1 1 1 15 2
o 0 0 30 1 1 1 6 2
o 1 0 30 1 1 1 12 2
o 2 0 30 1 1 1 5 2
o 3 0 30 1 1 1 6 2
o 4 0 30 1 1 1 8 2
o 5 0 30 1 1 1 11 2
o 6 0 30 1 1 1 9 2
o 7 0 30 1 1 1 10 2
o 8 0 30 1 1 1 7 2
o 9 0 30 1 1 1 0 2
o 10 0 30 1 1 1 6 2
o 11 0 30 1 1 1 12 2
o 12 0 30 1 1 1 0 2
o 13 0 30 1 1 1 11 2
o 14 0 30 1 1 1 5 2
o 15 0 30 1 1 1 13 2
o 16 0 30 1 1 1 6 2
o 17 0 30 1 1 1 13 2
o 18 0 30 1 1 1 11 2
o 19 0 30 1 1 1 12 2
o 20 0 30 1 1 1 4 2
o 21 0 30 1 1 1 1 2
o 22 0 30 1 1 1 1 2
o 23 0 30 1 1 1 3 2
o 24 0 30 1 1 1 9 2
o 25 0 30 1 1 1 7 2
o 26 0 30 1 1 1 12 2
o 27 0 30 1 1 1 3 2
o 28 0 30 1 1 1 7 2
o 29 0 30 1 1 1 2 2
o 30 0 30 1 1 1 4 2
o 31 0 30 1 1 1 9 2
o 0 0 31 1 1 1 6 2
o 1 0 31 1 1 1 12 2
o 2 0 31 1 1 1 3 2
o 3 0 31 1 1 1 0 2
o 4 0 31 1 1 1 13 2
o 5 0 31 1 1 1 12 2
o 6 0 31 1 1 1 6 2
o 7 0 31 1 1 1 4 2
o 8 0 31 1 1 1 3 2
o 9 0 31 1 1 1 13 2
o 10 0 31 1 1 1 13 2
o 11 0 31 1 1 1 15 2
o 12 0 31 1 1 1 10 2
o 13 0 31 1 1 1 14 2
o 14 0 31 1 1 1 9 2
o 15 0 31 1 1 1 7 2
o 16 0 31 1 1 1 12 2
o 17 0 31 1 1 1 15 2
o 18 0 31 1 1 1 13 2
o 19 0 31 1 1 1 7 2
o 20 0 31 1 1 1 6 2
o 21 0 31 1 1 1 15 2
o 22 0 31 1 1 1 9 2
o 23 0 31 1 1 1 0 2
o 24 0 31 1 1 1 6 2
o 25 0 31 1 1 1 10 2
o 26 0 31 1 1 1 8 2
o 27 0 31 1 1 1 6 2
o 28 0 31 1 1 1 1 2
o 29 0 31 1 1 1 2 2
o 30 0 31 1 1 1 6 2
o 31 0 31 1 1 1 13 2