c #e0631a #e66920 #d65910 #d1540b #cc4f06 #da5d14
c #e05d1a #e66320 #d65310 #d14e0b #cc4906 #da5714
c #dc601a #e26620 #d25610 #cd510b #c84c06 #d65a14
c #db621a #e16820 #d15810 #cc530b #c74e06 #d55c14
c #e25d1a #e86320 #d85310 #d34e0b #ce4906 #dc5714
c #dd611a #e36720 #d35710 #ce520b #c94d06 #d75b14
c #e35e1a #e96420 #d95410 #d44f0b #cf4a06 #dd5814
c #dc601a #e26620 #d25610 #cd510b #c84c06 #d65a14
c #e0631a #e66920 #d65910 #d1540b #cc4f06 #da5d14
c #e0601a #e66620 #d65610 #d1510b #cc4c06 #da5a14
c #e15f1a #e76520 #d75510 #d2500b #cd4b06 #db5914
c #de601a #e46620 #d45610 #cf510b #ca4c06 #d85a14
c #e15d1a #e76320 #d75310 #d24e0b #cd4906 #db5714
c #db5d1a #e16320 #d15310 #cc4e0b #c74906 #d55714
c #de5f1a #e46520 #d45510 #cf500b #ca4b06 #d85914
c #de601a #e46620 #d45610 #cf510b #ca4c06 #d85a14
c #a9bd18 #afc31e #9fb30e #9aae09 #95a904 #a3b712
c #a5b518 #abbb1e #9bab0e #96a609 #91a104 #9faf12
c #aab919 #b0bf1f #a0af0f #9baa0a #96a505 #a4b313
c #a8b51d #aebb23 #9eab13 #99a60e #94a109 #a2af17
c #a7be17 #adc41d #9db40d #98af08 #93aa03 #a1b811
c #a4bb1d #aac123 #9ab113 #95ac0e #90a709 #9eb517
c #abbf1e #b1c524 #a1b514 #9cb00f #97ab0a #a5b918
c #a2b81d #a8be23 #98ae13 #93a90e #8ea409 #9cb217
c #a2bd16 #a8c31c #98b30c #93ae07 #8ea902 #9cb710
c #aab316 #b0b91c #a0a90c #9ba407 #969f02 #a4ad10
c #a1be19 #a7c41f #97b40f #92af0a #8daa05 #9bb813
c #a3bf17 #a9c51d #99b50d #94b008 #8fab03 #9db911
c #aab31a #b0b920 #a0a910 #9ba40b #969f06 #a4ad14
c #aab718 #b0bd1e #a0ad0e #9ba809 #96a304 #a4b112
c #aabf18 #b0c51e #a0b50e #9bb009 #96ab04 #a4b912
c #a9be1c #afc422 #9fb412 #9aaf0d #95aa08 #a3b816
c #eb361c #f13c22 #e12c12 #dc270d #d72208 #e53016
c #f5381c #fb3e22 #eb2e12 #e6290d #e12408 #ef3216
c #ea3a1a #f04020 #e03010 #db2b0b #d62606 #e43414
c #f23419 #f83a1f #e82a0f #e3250a #de2005 #ec2e13
c #ef371b #f53d21 #e52d11 #e0280c #db2307 #e93115
c #f43419 #fa3a1f #ea2a0f #e5250a #e02005 #ee2e13
c #ea381c #f03e22 #e02e12 #db290d #d62408 #e43216
c #ee3519 #f43b1f #e42b0f #df260a #da2105 #e82f13
c #f6391b #fc3f21 #ec2f11 #e72a0c #e22507 #f03315
c #f6371c #fc3d22 #ec2d12 #e7280d #e22308 #f03116
c #ec361c #f23c22 #e22c12 #dd270d #d82208 #e63016
c #f4391b #fa3f21 #ea2f11 #e52a0c #e02507 #ee3315
c #ed3518 #f33b1e #e32b0e #de2609 #d92104 #e72f12
c #f03a1a #f64020 #e63010 #e12b0b #dc2606 #ea3414
c #ea351b #f03b21 #e02b11 #db260c #d62107 #e42f15
c #ec391b #f23f21 #e22f11 #dd2a0c #d82507 #e63315
o 0 0 0 1 1 1 13 2
o 1 1 0 1 1 1 10 8
o 1 2 0 1 1 1 2 8
o 1 3 0 1 1 1 0 8
o 1 4 0 1 1 1 0 8
o 0 5 0 1 1 1 14 16
o 13 14 0 1 1 1 15 6
o 14 14 0 1 1 1 0 6
o 31 14 0 1 1 1 6 7
o 12 15 0 1 1 1 14 5
o 15 15 0 1 1 1 10 12
o 16 15 0 1 1 1 8 4
o 17 15 0 1 1 1 6 4
o 24 15 0 1 1 1 12 4
o 30 15 0 1 1 1 0 5
o 0 0 1 1 1 1 4 2
o 1 1 1 1 1 1 10 8
o 1 2 1 1 1 1 0 8
o 1 3 1 1 1 1 11 8
o 1 4 1 1 1 1 0 8
o 0 5 1 1 1 1 2 16
o 31 11 1 1 1 1 15 4
o 13 12 1 1 1 1 8 4
o 31 12 1 1 1 1 8 4
o 13 13 1 1 1 1 14 6
o 14 13 1 1 1 1 2 6
o 16 13 1 1 1 1 11 4
o 31 13 1 1 1 1 9 7
o 12 14 1 1 1 1 13 7
o 15 14 1 1 1 1 3 14
o 16 14 1 1 1 1 5 6
o 17 14 1 1 1 1 3 6
o 22 14 1 1 1 1 13 4
o 24 14 1 1 1 1 15 6
o 30 14 1 1 1 1 12 7
o 10 15 1 1 1 1 14 4
o 11 15 1 1 1 1 5 5
o 18 15 1 1 1 1 4 12
o 19 15 1 1 1 1 6 4
o 21 15 1 1 1 1 5 4
o 22 15 1 1 1 1 9 4
o 23 15 1 1 1 1 3 5
o 25 15 1 1 1 1 9 12
o 26 15 1 1 1 1 11 4
o 28 15 1 1 1 1 1 4
o 29 15 1 1 1 1 3 5
o 0 0 2 1 1 1 5 2
o 1 1 2 1 1 1 5 8
o 1 2 2 1 1 1 15 8
o 1 3 2 1 1 1 1 8
o 1 4 2 1 1 1 3 8
o 0 5 2 1 1 1 9 16
o 31 9 2 1 1 1 9 4
o 13 10 2 1 1 1 0 4
o 14 10 2 1 1 1 4 4
o 16 10 2 1 1 1 9 4
o 31 10 2 1 1 1 9 6
o 12 11 2 1 1 1 7 4
o 13 11 2 1 1 1 5 6
o 14 11 2 1 1 1 14 4
o 16 11 2 1 1 1 13 4
o 17 11 2 1 1 1 0 4
o 30 11 2 1 1 1 14 1
o 12 12 2 1 1 1 10 5
o 14 12 2 1 1 1 6 14
o 15 12 2 1 1 1 0 4
o 16 12 2 1 1 1 7 6
o 17 12 2 1 1 1 15 4
o 25 12 2 1 1 1 13 4
o 30 12 2 1 1 1 13 1
o 11 13 2 1 1 1 0 4
o 12 13 2 1 1 1 8 7
o 15 13 2 1 1 1 10 15
o 17 13 2 1 1 1 5 14
o 18 13 2 1 1 1 1 4
o 20 13 2 1 1 1 5 4
o 22 13 2 1 1 1 13 6
o 23 13 2 1 1 1 7 4
o 24 13 2 1 1 1 15 6
o 25 13 2 1 1 1 7 4
o 26 13 2 1 1 1 4 4
o 28 13 2 1 1 1 2 4
o 30 13 2 1 1 1 1 7
o 10 14 2 1 1 1 15 6
o 11 14 2 1 1 1 4 7
o 18 14 2 1 1 1 5 14
o 19 14 2 1 1 1 5 6
o 20 14 2 1 1 1 14 4
o 21 14 2 1 1 1 4 7
o 23 14 2 1 1 1 4 15
o 25 14 2 1 1 1 7 14
o 26 14 2 1 1 1 3 6
o 27 14 2 1 1 1 6 4
o 28 14 2 1 1 1 7 6
o 29 14 2 1 1 1 1 7
o 8 15 2 1 1 1 7 4
o 9 15 2 1 1 1 0 5
o 20 15 2 1 1 1 5 13
o 27 15 2 1 1 1 4 13
o 0 0 3 1 1 1 5 2
o 1 1 3 1 1 1 4 8
o 1 2 3 1 1 1 10 8
o 1 3 3 1 1 1 8 8
o 1 4 3 1 1 1 6 8
o 0 5 3 1 1 1 8 16
o 14 7 3 1 1 1 2 4
o 31 7 3 1 1 1 11 4
o 13 8 3 1 1 1 6 4
o 14 8 3 1 1 1 11 4
o 16 8 3 1 1 1 9 4
o 31 8 3 1 1 1 10 6
o 12 9 3 1 1 1 4 4
o 13 9 3 1 1 1 6 6
o 14 9 3 1 1 1 0 6
o 15 9 3 1 1 1 8 4
o 16 9 3 1 1 1 2 6
o 17 9 3 1 1 1 6 4
o 30 9 3 1 1 1 12 1
o 11 10 3 1 1 1 13 4
o 12 10 3 1 1 1 3 7
o 15 10 3 1 1 1 12 13
o 17 10 3 1 1 1 6 14
o 18 10 3 1 1 1 5 4
o 22 10 3 1 1 1 14 4
o 25 10 3 1 1 1 11 4
o 30 10 3 1 1 1 14 5
o 10 11 3 1 1 1 4 4
o 11 11 3 1 1 1 2 5
o 15 11 3 1 1 1 13 15
o 18 11 3 1 1 1 7 12
o 20 11 3 1 1 1 11 4
o 22 11 3 1 1 1 9 4
o 23 11 3 1 1 1 12 4
o 25 11 3 1 1 1 9 6
o 26 11 3 1 1 1 11 4
o 29 11 3 1 1 1 15 4
o 30 11 3 1 1 1 9 5
o 9 12 3 1 1 1 6 4
o 10 12 3 1 1 1 0 4
o 11 12 3 1 1 1 3 7
o 18 12 3 1 1 1 5 14
o 19 12 3 1 1 1 11 4
o 20 12 3 1 1 1 4 6
o 21 12 3 1 1 1 8 4
o 22 12 3 1 1 1 7 6
o 23 12 3 1 1 1 6 6
o 24 12 3 1 1 1 8 7
o 26 12 3 1 1 1 0 14
o 28 12 3 1 1 1 2 6
o 29 12 3 1 1 1 14 4
o 30 12 3 1 1 1 0 7
o 9 13 3 1 1 1 8 4
o 10 13 3 1 1 1 2 7
o 19 13 3 1 1 1 0 15
o 21 13 3 1 1 1 13 15
o 27 13 3 1 1 1 6 15
o 29 13 3 1 1 1 11 15
o 8 14 3 1 1 1 14 6
o 9 14 3 1 1 1 4 7
o 7 15 3 1 1 1 14 5
o 0 0 4 1 1 1 3 2
o 1 1 4 1 1 1 8 8
o 1 2 4 1 1 1 4 8
o 1 3 4 1 1 1 10 8
o 1 4 4 1 1 1 11 8
o 0 5 4 1 1 1 5 16
o 14 5 4 1 1 1 10 4
o 31 5 4 1 1 1 5 4
o 12 6 4 1 1 1 7 4
o 13 6 4 1 1 1 2 4
o 14 6 4 1 1 1 10 6
o 15 6 4 1 1 1 4 4
o 16 6 4 1 1 1 13 4
o 17 6 4 1 1 1 0 4
o 30 6 4 1 1 1 2 4
o 31 6 4 1 1 1 15 6
o 12 7 4 1 1 1 6 4
o 13 7 4 1 1 1 14 7
o 15 7 4 1 1 1 5 12
o 16 7 4 1 1 1 0 6
o 17 7 4 1 1 1 2 4
o 18 7 4 1 1 1 7 4
o 29 7 4 1 1 1 9 4
o 30 7 4 1 1 1 9 5
o 11 8 4 1 1 1 1 4
o 12 8 4 1 1 1 0 7
o 15 8 4 1 1 1 8 15
o 17 8 4 1 1 1 15 14
o 18 8 4 1 1 1 14 4
o 22 8 4 1 1 1 1 4
o 25 8 4 1 1 1 4 4
o 29 8 4 1 1 1 13 4
o 30 8 4 1 1 1 14 5
o 10 9 4 1 1 1 6 4
o 11 9 4 1 1 1 5 7
o 18 9 4 1 1 1 4 14
o 19 9 4 1 1 1 1 4
o 22 9 4 1 1 1 14 6
o 23 9 4 1 1 1 13 4
o 25 9 4 1 1 1 2 6
o 26 9 4 1 1 1 9 4
o 28 9 4 1 1 1 15 4
o 29 9 4 1 1 1 14 4
o 30 9 4 1 1 1 0 7
o 9 10 4 1 1 1 10 4
o 10 10 4 1 1 1 8 7
o 19 10 4 1 1 1 0 12
o 20 10 4 1 1 1 11 6
o 21 10 4 1 1 1 14 1
o 23 10 4 1 1 1 15 14
o 24 10 4 1 1 1 6 5
o 26 10 4 1 1 1 8 14
o 27 10 4 1 1 1 3 4
o 28 10 4 1 1 1 4 4
o 29 10 4 1 1 1 8 7
o 9 11 4 1 1 1 0 7
o 19 11 4 1 1 1 15 15
o 21 11 4 1 1 1 6 15
o 24 11 4 1 1 1 1 15
o 27 11 4 1 1 1 12 12
o 28 11 4 1 1 1 10 7
o 8 12 4 1 1 1 8 1
o 27 12 4 1 1 1 4 15
o 8 13 4 1 1 1 8 7
o 7 14 4 1 1 1 15 3
o 6 15 4 1 1 1 11 1
o 0 0 5 1 1 1 6 2
o 1 1 5 1 1 1 4 8
o 1 2 5 1 1 1 8 8
o 1 3 5 1 1 1 10 8
o 1 4 5 1 1 1 4 8
o 14 4 5 1 1 1 1 6
o 15 4 5 1 1 1 11 4
o 29 4 5 1 1 1 2 4
o 31 4 5 1 1 1 10 6
o 0 5 5 1 1 1 12 16
o 12 5 5 1 1 1 12 6
o 13 5 5 1 1 1 4 7
o 15 5 5 1 1 1 10 14
o 16 5 5 1 1 1 3 6
o 17 5 5 1 1 1 7 6
o 18 5 5 1 1 1 2 4
o 23 5 5 1 1 1 9 4
o 29 5 5 1 1 1 7 4
o 30 5 5 1 1 1 13 7
o 10 6 5 1 1 1 5 4
o 11 6 5 1 1 1 7 5
o 18 6 5 1 1 1 1 14
o 23 6 5 1 1 1 11 4
o 25 6 5 1 1 1 15 4
o 28 6 5 1 1 1 4 4
o 29 6 5 1 1 1 10 7
o 10 7 5 1 1 1 14 4
o 11 7 5 1 1 1 0 7
o 19 7 5 1 1 1 7 12
o 22 7 5 1 1 1 3 6
o 23 7 5 1 1 1 13 4
o 24 7 5 1 1 1 14 4
o 25 7 5 1 1 1 15 6
o 27 7 5 1 1 1 7 4
o 28 7 5 1 1 1 13 5
o 9 8 5 1 1 1 12 4
o 10 8 5 1 1 1 12 7
o 19 8 5 1 1 1 10 14
o 20 8 5 1 1 1 15 4
o 21 8 5 1 1 1 14 1
o 23 8 5 1 1 1 2 14
o 24 8 5 1 1 1 13 5
o 26 8 5 1 1 1 9 14
o 27 8 5 1 1 1 14 4
o 28 8 5 1 1 1 8 7
o 9 9 5 1 1 1 8 7
o 20 9 5 1 1 1 15 14
o 21 9 5 1 1 1 7 5
o 24 9 5 1 1 1 8 15
o 27 9 5 1 1 1 8 15
o 8 10 5 1 1 1 5 1
o 21 10 5 1 1 1 13 15
o 8 11 5 1 1 1 12 5
o 8 12 5 1 1 1 1 7
o 7 13 5 1 1 1 11 5
o 7 14 5 1 1 1 4 7
o 6 15 5 1 1 1 2 5
o 0 0 6 1 1 1 9 2
o 1 1 6 1 1 1 13 8
o 1 2 6 1 1 1 12 8
o 1 3 6 1 1 1 11 8
o 14 3 6 1 1 1 15 6
o 15 3 6 1 1 1 13 6
o 16 3 6 1 1 1 2 4
o 28 3 6 1 1 1 12 4
o 29 3 6 1 1 1 6 6
o 30 3 6 1 1 1 12 4
o 31 3 6 1 1 1 3 6
o 1 4 6 1 1 1 8 8
o 12 4 6 1 1 1 10 6
o 13 4 6 1 1 1 5 7
o 16 4 6 1 1 1 11 14
o 17 4 6 1 1 1 10 6
o 18 4 6 1 1 1 12 6
o 19 4 6 1 1 1 6 4
o 23 4 6 1 1 1 11 6
o 24 4 6 1 1 1 15 4
o 25 4 6 1 1 1 3 4
o 28 4 6 1 1 1 14 5
o 30 4 6 1 1 1 13 15
o 0 5 6 1 1 1 6 16
o 10 5 6 1 1 1 8 6
o 11 5 6 1 1 1 3 7
o 19 5 6 1 1 1 3 12
o 20 5 6 1 1 1 12 4
o 22 5 6 1 1 1 3 5
o 24 5 6 1 1 1 1 12
o 25 5 6 1 1 1 10 6
o 26 5 6 1 1 1 14 4
o 27 5 6 1 1 1 13 4
o 28 5 6 1 1 1 12 7
o 9 6 6 1 1 1 10 1
o 19 6 6 1 1 1 12 14
o 20 6 6 1 1 1 4 4
o 21 6 6 1 1 1 7 4
o 22 6 6 1 1 1 15 7
o 24 6 6 1 1 1 12 15
o 26 6 6 1 1 1 5 12
o 27 6 6 1 1 1 14 7
o 9 7 6 1 1 1 5 7
o 20 7 6 1 1 1 1 14
o 21 7 6 1 1 1 5 5
o 26 7 6 1 1 1 9 15
o 8 8 6 1 1 1 14 1
o 21 8 6 1 1 1 12 15
o 8 9 6 1 1 1 9 1
o 8 10 6 1 1 1 3 7
o 7 11 6 1 1 1 14 1
o 7 12 6 1 1 1 14 7
o 6 13 6 1 1 1 2 1
o 6 14 6 1 1 1 14 7
o 5 15 6 1 1 1 12 5
o 0 0 7 1 1 1 14 2
o 1 1 7 1 1 1 10 8
o 1 2 7 1 1 1 8 8
o 14 2 7 1 1 1 12 6
o 15 2 7 1 1 1 2 6
o 16 2 7 1 1 1 1 6
o 28 2 7 1 1 1 8 6
o 29 2 7 1 1 1 11 6
o 30 2 7 1 1 1 9 6
o 31 2 7 1 1 1 7 6
o 1 3 7 1 1 1 15 8
o 12 3 7 1 1 1 2 6
o 13 3 7 1 1 1 14 7
o 17 3 7 1 1 1 4 14
o 18 3 7 1 1 1 4 6
o 19 3 7 1 1 1 0 2
o 23 3 7 1 1 1 0 2
o 24 3 7 1 1 1 2 6
o 25 3 7 1 1 1 5 2
o 27 3 7 1 1 1 14 5
o 1 4 7 1 1 1 12 8
o 10 4 7 1 1 1 11 6
o 11 4 7 1 1 1 6 7
o 20 4 7 1 1 1 12 14
o 22 4 7 1 1 1 14 3
o 26 4 7 1 1 1 8 14
o 27 4 7 1 1 1 3 7
o 0 5 7 1 1 1 14 16
o 9 5 7 1 1 1 5 1
o 21 5 7 1 1 1 14 15
o 9 6 7 1 1 1 15 7
o 8 7 7 1 1 1 2 1
o 8 8 7 1 1 1 3 5
o 8 9 7 1 1 1 3 7
o 7 10 7 1 1 1 8 5
o 7 11 7 1 1 1 11 7
o 6 12 7 1 1 1 5 5
o 6 13 7 1 1 1 15 7
o 5 14 7 1 1 1 14 7
o 4 15 7 1 1 1 14 5
o 0 0 8 1 1 1 3 2
o 1 1 8 1 1 1 4 8
o 14 1 8 1 1 1 10 6
o 15 1 8 1 1 1 1 6
o 16 1 8 1 1 1 13 2
o 28 1 8 1 1 1 13 2
o 29 1 8 1 1 1 6 6
o 30 1 8 1 1 1 5 6
o 31 1 8 1 1 1 6 6
o 1 2 8 1 1 1 5 8
o 12 2 8 1 1 1 0 6
o 13 2 8 1 1 1 5 7
o 17 2 8 1 1 1 6 14
o 18 2 8 1 1 1 2 6
o 24 2 8 1 1 1 14 2
o 25 2 8 1 1 1 0 4
o 26 2 8 1 1 1 9 4
o 27 2 8 1 1 1 3 7
o 1 3 8 1 1 1 1 8
o 10 3 8 1 1 1 14 6
o 11 3 8 1 1 1 12 7
o 19 3 8 1 1 1 8 14
o 20 3 8 1 1 1 12 6
o 23 3 8 1 1 1 4 7
o 25 3 8 1 1 1 6 14
o 26 3 8 1 1 1 11 7
o 1 4 8 1 1 1 11 8
o 9 4 8 1 1 1 1 5
o 21 4 8 1 1 1 2 14
o 22 4 8 1 1 1 6 7
o 0 5 8 1 1 1 10 16
o 8 5 8 1 1 1 4 4
o 9 5 8 1 1 1 5 7
o 8 6 8 1 1 1 11 5
o 7 7 8 1 1 1 0 4
o 8 7 8 1 1 1 8 7
o 7 8 8 1 1 1 12 5
o 7 9 8 1 1 1 7 7
o 6 10 8 1 1 1 8 5
o 6 11 8 1 1 1 13 7
o 5 12 8 1 1 1 8 1
o 5 13 8 1 1 1 1 7
o 4 14 8 1 1 1 13 7
o 3 15 8 1 1 1 5 5
o 0 0 9 1 1 1 2 2
o 14 0 9 1 1 1 6 2
o 15 0 9 1 1 1 11 2
o 29 0 9 1 1 1 4 2
o 30 0 9 1 1 1 11 2
o 31 0 9 1 1 1 7 2
o 1 1 9 1 1 1 4 8
o 12 1 9 1 1 1 5 2
o 13 1 9 1 1 1 10 7
o 16 1 9 1 1 1 30 12
o 17 1 9 1 1 1 15 6
o 18 1 9 1 1 1 10 2
o 25 1 9 1 1 1 12 2
o 26 1 9 1 1 1 15 6
o 27 1 9 1 1 1 3 6
o 28 1 9 1 1 1 2 7
o 1 2 9 1 1 1 3 8
o 10 2 9 1 1 1 0 6
o 11 2 9 1 1 1 4 7
o 16 2 9 1 1 1 31 45
o 19 2 9 1 1 1 6 14
o 20 2 9 1 1 1 13 6
o 23 2 9 1 1 1 5 2
o 24 2 9 1 1 1 15 7
o 1 3 9 1 1 1 3 8
o 9 3 9 1 1 1 3 7
o 16 3 9 1 1 1 21 47
o 21 3 9 1 1 1 7 14
o 22 3 9 1 1 1 13 7
o 1 4 9 1 1 1 10 8
o 8 4 9 1 1 1 3 7
o 0 5 9 1 1 1 1 16
o 7 5 9 1 1 1 4 5
o 7 6 9 1 1 1 9 7
o 6 7 9 1 1 1 8 1
o 6 8 9 1 1 1 1 5
o 6 9 9 1 1 1 4 7
o 5 10 9 1 1 1 12 1
o 5 11 9 1 1 1 3 5
o 5 12 9 1 1 1 5 7
o 4 13 9 1 1 1 13 7
o 3 14 9 1 1 1 4 3
o 2 15 9 1 1 1 4 1
o 0 0 10 1 1 1 11 2
o 13 0 10 1 1 1 2 2
o 14 0 10 1 1 1 4 2
o 15 0 10 1 1 1 1 2
o 16 0 10 1 1 1 12 2
o 17 0 10 1 1 1 4 2
o 26 0 10 1 1 1 10 2
o 27 0 10 1 1 1 6 2
o 28 0 10 1 1 1 3 2
o 29 0 10 1 1 1 11 2
o 30 0 10 1 1 1 9 2
o 31 0 10 1 1 1 15 2
o 1 1 10 1 1 1 4 8
o 10 1 10 1 1 1 4 2
o 11 1 10 1 1 1 3 6
o 12 1 10 1 1 1 0 7
o 18 1 10 1 1 1 10 14
o 19 1 10 1 1 1 6 6
o 20 1 10 1 1 1 3 6
o 24 1 10 1 1 1 12 2
o 25 1 10 1 1 1 23 5
o 1 2 10 1 1 1 2 8
o 9 2 10 1 1 1 13 3
o 21 2 10 1 1 1 5 14
o 22 2 10 1 1 1 9 6
o 23 2 10 1 1 1 13 7
o 25 2 10 1 1 1 21 45
o 1 3 10 1 1 1 4 8
o 8 3 10 1 1 1 10 3
o 25 3 10 1 1 1 30 47
o 1 4 10 1 1 1 6 8
o 7 4 10 1 1 1 11 3
o 0 5 10 1 1 1 5 16
o 6 5 10 1 1 1 6 1
o 6 6 10 1 1 1 11 1
o 6 7 10 1 1 1 11 3
o 5 8 10 1 1 1 14 1
o 5 9 10 1 1 1 4 1
o 5 10 10 1 1 1 12 3
o 4 11 10 1 1 1 10 1
o 4 12 10 1 1 1 5 3
o 3 13 10 1 1 1 13 1
o 3 14 10 1 1 1 4 3
o 2 15 10 1 1 1 5 1
o 0 0 11 1 1 1 14 2
o 11 0 11 1 1 1 15 2
o 12 0 11 1 1 1 10 2
o 13 0 11 1 1 1 3 2
o 14 0 11 1 1 1 13 2
o 15 0 11 1 1 1 15 2
o 16 0 11 1 1 1 10 2
o 17 0 11 1 1 1 4 2
o 18 0 11 1 1 1 6 2
o 19 0 11 1 1 1 6 2
o 20 0 11 1 1 1 15 2
o 25 0 11 1 1 1 9 2
o 26 0 11 1 1 1 8 2
o 27 0 11 1 1 1 2 2
o 28 0 11 1 1 1 11 2
o 29 0 11 1 1 1 2 2
o 30 0 11 1 1 1 10 2
o 31 0 11 1 1 1 6 2
o 1 1 11 1 1 1 11 8
o 10 1 11 1 1 1 15 3
o 21 1 11 1 1 1 4 14
o 22 1 11 1 1 1 7 6
o 23 1 11 1 1 1 13 6
o 24 1 11 1 1 1 8 7
o 1 2 11 1 1 1 10 8
o 9 2 11 1 1 1 10 3
o 1 3 11 1 1 1 10 8
o 8 3 11 1 1 1 5 7
o 1 4 11 1 1 1 11 8
o 7 4 11 1 1 1 6 5
o 0 5 11 1 1 1 3 16
o 7 5 11 1 1 1 14 39
o 6 6 11 1 1 1 8 1
o 6 7 11 1 1 1 15 5
o 6 8 11 1 1 1 1 39
o 5 9 11 1 1 1 6 1
o 5 10 11 1 1 1 13 5
o 5 11 11 1 1 1 0 39
o 4 12 11 1 1 1 12 1
o 4 13 11 1 1 1 7 39
o 3 14 11 1 1 1 12 7
o 2 15 11 1 1 1 3 5
o 0 0 12 1 1 1 13 2
o 11 0 12 1 1 1 10 2
o 12 0 12 1 1 1 0 2
o 13 0 12 1 1 1 3 2
o 14 0 12 1 1 1 6 2
o 15 0 12 1 1 1 12 2
o 16 0 12 1 1 1 6 2
o 17 0 12 1 1 1 10 2
o 18 0 12 1 1 1 7 2
o 19 0 12 1 1 1 14 2
o 20 0 12 1 1 1 13 2
o 21 0 12 1 1 1 6 2
o 22 0 12 1 1 1 5 2
o 23 0 12 1 1 1 1 2
o 24 0 12 1 1 1 9 2
o 25 0 12 1 1 1 9 2
o 26 0 12 1 1 1 9 2
o 27 0 12 1 1 1 12 2
o 28 0 12 1 1 1 13 2
o 29 0 12 1 1 1 14 2
o 30 0 12 1 1 1 0 2
o 31 0 12 1 1 1 9 2
o 1 1 12 1 1 1 12 8
o 10 1 12 1 1 1 2 7
o 1 2 12 1 1 1 14 8
o 8 2 12 1 1 1 7 6
o 9 2 12 1 1 1 19 5
o 1 3 12 1 1 1 15 8
o 7 3 12 1 1 1 9 7
o 9 3 12 1 1 1 24 45
o 1 4 12 1 1 1 14 8
o 6 4 12 1 1 1 6 5
o 9 4 12 1 1 1 25 47
o 0 5 12 1 1 1 3 16
o 6 5 12 1 1 1 11 5
o 6 6 12 1 1 1 8 7
o 5 7 12 1 1 1 4 1
o 5 8 12 1 1 1 8 5
o 5 9 12 1 1 1 3 7
o 4 10 12 1 1 1 11 1
o 4 11 12 1 1 1 15 5
o 4 12 12 1 1 1 13 7
o 3 13 12 1 1 1 13 7
o 2 14 12 1 1 1 10 7
o 1 15 12 1 1 1 9 5
o 0 0 13 1 1 1 9 2
o 10 0 13 1 1 1 12 2
o 11 0 13 1 1 1 14 2
o 12 0 13 1 1 1 14 2
o 13 0 13 1 1 1 11 2
o 14 0 13 1 1 1 14 2
o 15 0 13 1 1 1 8 2
o 16 0 13 1 1 1 7 2
o 17 0 13 1 1 1 12 2
o 18 0 13 1 1 1 9 2
o 19 0 13 1 1 1 11 2
o 20 0 13 1 1 1 15 2
o 21 0 13 1 1 1 6 2
o 22 0 13 1 1 1 15 2
o 23 0 13 1 1 1 14 2
o 24 0 13 1 1 1 6 2
o 25 0 13 1 1 1 10 2
o 26 0 13 1 1 1 10 2
o 27 0 13 1 1 1 3 2
o 28 0 13 1 1 1 13 2
o 29 0 13 1 1 1 6 2
o 30 0 13 1 1 1 14 2
o 31 0 13 1 1 1 6 2
o 1 1 13 1 1 1 10 8
o 8 1 13 1 1 1 7 2
o 9 1 13 1 1 1 11 7
o 1 2 13 1 1 1 14 8
o 7 2 13 1 1 1 4 7
o 1 3 13 1 1 1 15 8
o 6 3 13 1 1 1 15 7
o 1 4 13 1 1 1 13 8
o 5 4 13 1 1 1 2 1
o 0 5 13 1 1 1 0 16
o 5 5 13 1 1 1 6 1
o 5 6 13 1 1 1 7 5
o 5 7 13 1 1 1 9 7
o 4 8 13 1 1 1 1 1
o 4 9 13 1 1 1 6 5
o 4 10 13 1 1 1 7 7
o 3 11 13 1 1 1 13 1
o 3 12 13 1 1 1 6 7
o 2 13 13 1 1 1 14 3
o 1 14 13 1 1 1 9 3
o 0 15 13 1 1 1 4 1
o 0 0 14 1 1 1 4 2
o 9 0 14 1 1 1 8 2
o 10 0 14 1 1 1 2 2
o 11 0 14 1 1 1 5 2
o 12 0 14 1 1 1 2 2
o 13 0 14 1 1 1 1 2
o 14 0 14 1 1 1 10 2
o 15 0 14 1 1 1 13 2
o 16 0 14 1 1 1 10 2
o 17 0 14 1 1 1 13 2
o 18 0 14 1 1 1 6 2
o 19 0 14 1 1 1 9 2
o 20 0 14 1 1 1 11 2
o 21 0 14 1 1 1 1 2
o 22 0 14 1 1 1 8 2
o 23 0 14 1 1 1 7 2
o 24 0 14 1 1 1 1 2
o 25 0 14 1 1 1 12 2
o 26 0 14 1 1 1 7 2
o 27 0 14 1 1 1 0 2
o 28 0 14 1 1 1 4 2
o 29 0 14 1 1 1 9 2
o 30 0 14 1 1 1 9 2
o 31 0 14 1 1 1 9 2
o 0 1 14 1 1 1 33 46
o 1 1 14 1 1 1 10 12
o 2 1 14 1 1 1 6 4
o 3 1 14 1 1 1 4 4
o 4 1 14 1 1 1 0 4
o 6 1 14 1 1 1 11 4
o 7 1 14 1 1 1 9 6
o 8 1 14 1 1 1 1 7
o 0 2 14 1 1 1 43 62
o 1 2 14 1 1 1 9 12
o 2 2 14 1 1 1 7 4
o 3 2 14 1 1 1 2 4
o 4 2 14 1 1 1 5 4
o 5 2 14 1 1 1 4 4
o 6 2 14 1 1 1 6 7
o 0 3 14 1 1 1 44 62
o 1 3 14 1 1 1 0 12
o 2 3 14 1 1 1 11 4
o 3 3 14 1 1 1 11 4
o 4 3 14 1 1 1 15 4
o 5 3 14 1 1 1 15 5
o 0 4 14 1 1 1 34 60
o 1 4 14 1 1 1 12 8
o 5 4 14 1 1 1 8 1
o 0 5 14 1 1 1 7 16
o 5 5 14 1 1 1 4 3
o 4 6 14 1 1 1 13 1
o 4 7 14 1 1 1 0 1
o 4 8 14 1 1 1 3 3
o 3 9 14 1 1 1 2 1
o 3 10 14 1 1 1 5 1
o 3 11 14 1 1 1 6 3
o 2 12 14 1 1 1 0 1
o 2 13 14 1 1 1 10 3
o 1 14 14 1 1 1 1 3
o 0 15 14 1 1 1 6 1
o 0 0 15 1 1 1 5 2
o 1 0 15 1 1 1 14 2
o 2 0 15 1 1 1 6 2
o 3 0 15 1 1 1 2 2
o 4 0 15 1 1 1 4 2
o 6 0 15 1 1 1 12 2
o 7 0 15 1 1 1 9 2
o 8 0 15 1 1 1 7 2
o 9 0 15 1 1 1 10 2
o 10 0 15 1 1 1 7 2
o 11 0 15 1 1 1 4 2
o 12 0 15 1 1 1 12 2
o 13 0 15 1 1 1 1 2
o 14 0 15 1 1 1 2 2
o 15 0 15 1 1 1 15 2
o 16 0 15 1 1 1 6 2
o 17 0 15 1 1 1 8 2
o 18 0 15 1 1 1 13 2
o 19 0 15 1 1 1 1 2
o 20 0 15 1 1 1 15 2
o 21 0 15 1 1 1 12 2
o 22 0 15 1 1 1 10 2
o 23 0 15 1 1 1 7 2
o 24 0 15 1 1 1 13 2
o 25 0 15 1 1 1 6 2
o 26 0 15 1 1 1 14 2
o 27 0 15 1 1 1 7 2
o 28 0 15 1 1 1 13 2
o 5 1 15 1 1 1 8 15
o 29 1 15 1 1 1 6 42
o 30 1 15 1 1 1 15 34
o 31 1 15 1 1 1 12 34
o 1 4 15 1 1 1 9 24
o 2 4 15 1 1 1 15 16
o 3 4 15 1 1 1 10 16
o 4 4 15 1 1 1 10 16
o 5 4 15 1 1 1 6 17
o 0 5 15 1 1 1 15 16
o 5 5 15 1 1 1 13 1
o 5 6 15 1 1 1 15 39
o 4 7 15 1 1 1 0 1
o 4 8 15 1 1 1 1 1
o 4 9 15 1 1 1 15 39
o 3 10 15 1 1 1 11 1
o 3 11 15 1 1 1 11 1
o 3 12 15 1 1 1 5 39
o 2 13 15 1 1 1 15 1
o 2 14 15 1 1 1 14 39
o 1 15 15 1 1 1 4 37
o 0 0 16 1 1 1 4 2
o 1 0 16 1 1 1 0 2
o 2 0 16 1 1 1 1 2
o 3 0 16 1 1 1 12 2
o 4 0 16 1 1 1 1 2
o 5 0 16 1 1 1 12 2
o 6 0 16 1 1 1 7 2
o 7 0 16 1 1 1 3 2
o 8 0 16 1 1 1 8 2
o 9 0 16 1 1 1 3 2
o 10 0 16 1 1 1 0 2
o 11 0 16 1 1 1 5 2
o 12 0 16 1 1 1 15 2
o 13 0 16 1 1 1 7 2
o 14 0 16 1 1 1 12 2
o 15 0 16 1 1 1 9 2
o 16 0 16 1 1 1 13 2
o 17 0 16 1 1 1 2 2
o 18 0 16 1 1 1 4 2
o 19 0 16 1 1 1 7 2
o 20 0 16 1 1 1 14 2
o 21 0 16 1 1 1 12 2
o 22 0 16 1 1 1 6 2
o 23 0 16 1 1 1 10 2
o 24 0 16 1 1 1 9 2
o 25 0 16 1 1 1 0 2
o 26 0 16 1 1 1 14 2
o 27 0 16 1 1 1 13 2
o 28 1 16 1 1 1 3 42
o 31 1 16 1 1 1 7 2
o 29 2 16 1 1 1 10 42
o 30 2 16 1 1 1 4 35
o 1 4 16 1 1 1 0 24
o 2 4 16 1 1 1 9 16
o 3 4 16 1 1 1 7 16
o 4 4 16 1 1 1 15 16
o 5 4 16 1 1 1 6 17
o 0 5 16 1 1 1 10 16
o 5 5 16 1 1 1 7 7
o 4 6 16 1 1 1 10 1
o 4 7 16 1 1 1 1 1
o 4 8 16 1 1 1 5 7
o 3 9 16 1 1 1 11 1
o 3 10 16 1 1 1 9 1
o 3 11 16 1 1 1 9 7
o 2 12 16 1 1 1 13 1
o 2 13 16 1 1 1 14 7
o 1 14 16 1 1 1 15 7
o 0 15 16 1 1 1 0 5
o 0 0 17 1 1 1 10 2
o 1 0 17 1 1 1 4 2
o 3 0 17 1 1 1 1 2
o 4 0 17 1 1 1 3 2
o 5 0 17 1 1 1 5 2
o 6 0 17 1 1 1 10 2
o 7 0 17 1 1 1 2 2
o 8 0 17 1 1 1 5 2
o 9 0 17 1 1 1 1 2
o 10 0 17 1 1 1 7 2
o 11 0 17 1 1 1 13 2
o 12 0 17 1 1 1 6 2
o 13 0 17 1 1 1 8 2
o 14 0 17 1 1 1 12 2
o 15 0 17 1 1 1 15 2
o 16 0 17 1 1 1 11 2
o 17 0 17 1 1 1 13 2
o 18 0 17 1 1 1 14 2
o 19 0 17 1 1 1 0 2
o 20 0 17 1 1 1 6 2
o 21 0 17 1 1 1 4 2
o 22 0 17 1 1 1 5 2
o 23 0 17 1 1 1 0 2
o 24 0 17 1 1 1 8 2
o 25 0 17 1 1 1 6 2
o 26 0 17 1 1 1 7 2
o 2 1 17 1 1 1 9 43
o 27 1 17 1 1 1 3 42
o 28 2 17 1 1 1 6 42
o 29 2 17 1 1 1 5 2
o 31 2 17 1 1 1 0 34
o 30 3 17 1 1 1 7 43
o 1 4 17 1 1 1 8 24
o 2 4 17 1 1 1 2 16
o 3 4 17 1 1 1 11 16
o 4 4 17 1 1 1 10 16
o 5 4 17 1 1 1 6 19
o 0 5 17 1 1 1 8 16
o 4 5 17 1 1 1 0 1
o 4 6 17 1 1 1 4 1
o 4 7 17 1 1 1 4 3
o 3 8 17 1 1 1 12 1
o 3 9 17 1 1 1 14 1
o 3 10 17 1 1 1 8 3
o 2 11 17 1 1 1 2 1
o 2 12 17 1 1 1 13 3
o 1 13 17 1 1 1 12 3
o 0 14 17 1 1 1 1 3
o 0 0 18 1 1 1 0 2
o 8 0 18 1 1 1 1 2
o 9 0 18 1 1 1 9 2
o 10 0 18 1 1 1 9 2
o 11 0 18 1 1 1 4 2
o 12 0 18 1 1 1 1 2
o 13 0 18 1 1 1 12 2
o 14 0 18 1 1 1 4 2
o 15 0 18 1 1 1 9 2
o 16 0 18 1 1 1 11 2
o 17 0 18 1 1 1 7 2
o 18 0 18 1 1 1 3 2
o 19 0 18 1 1 1 9 2
o 20 0 18 1 1 1 0 2
o 21 0 18 1 1 1 5 2
o 22 0 18 1 1 1 13 2
o 23 0 18 1 1 1 14 2
o 24 0 18 1 1 1 8 2
o 1 1 18 1 1 1 8 40
o 3 1 18 1 1 1 8 32
o 4 1 18 1 1 1 4 32
o 5 1 18 1 1 1 11 32
o 6 1 18 1 1 1 1 32
o 7 1 18 1 1 1 10 35
o 25 1 18 1 1 1 0 42
o 26 1 18 1 1 1 7 34
o 1 2 18 1 1 1 6 40
o 2 2 18 1 1 1 9 32
o 3 2 18 1 1 1 12 32
o 4 2 18 1 1 1 8 32
o 5 2 18 1 1 1 8 32
o 6 2 18 1 1 1 8 35
o 27 2 18 1 1 1 12 42
o 1 3 18 1 1 1 8 40
o 2 3 18 1 1 1 15 32
o 3 3 18 1 1 1 2 32
o 4 3 18 1 1 1 12 32
o 5 3 18 1 1 1 3 33
o 28 3 18 1 1 1 1 42
o 29 3 18 1 1 1 4 32
o 31 3 18 1 1 1 15 32
o 1 4 18 1 1 1 13 8
o 5 4 18 1 1 1 13 1
o 29 4 18 1 1 1 5 42
o 30 4 18 1 1 1 9 32
o 31 4 18 1 1 1 5 35
o 0 5 18 1 1 1 0 16
o 5 5 18 1 1 1 7 35
o 30 5 18 1 1 1 15 43
o 4 6 18 1 1 1 1 1
o 4 7 18 1 1 1 0 1
o 4 8 18 1 1 1 14 35
o 3 9 18 1 1 1 10 1
o 3 10 18 1 1 1 0 1
o 3 11 18 1 1 1 0 35
o 2 12 18 1 1 1 11 1
o 2 13 18 1 1 1 9 35
o 1 14 18 1 1 1 1 35
o 0 15 18 1 1 1 11 33
o 0 0 19 1 1 1 5 2
o 10 0 19 1 1 1 1 2
o 11 0 19 1 1 1 10 2
o 12 0 19 1 1 1 5 2
o 13 0 19 1 1 1 2 2
o 14 0 19 1 1 1 4 2
o 15 0 19 1 1 1 6 2
o 16 0 19 1 1 1 14 2
o 17 0 19 1 1 1 4 2
o 18 0 19 1 1 1 5 2
o 19 0 19 1 1 1 15 2
o 20 0 19 1 1 1 8 2
o 21 0 19 1 1 1 11 2
o 1 1 19 1 1 1 3 8
o 8 1 19 1 1 1 2 34
o 9 1 19 1 1 1 8 35
o 22 1 19 1 1 1 7 42
o 23 1 19 1 1 1 6 34
o 24 1 19 1 1 1 11 34
o 1 2 19 1 1 1 5 8
o 7 2 19 1 1 1 12 35
o 25 2 19 1 1 1 0 42
o 26 2 19 1 1 1 12 34
o 27 2 19 1 1 1 12 2
o 1 3 19 1 1 1 9 8
o 6 3 19 1 1 1 4 33
o 28 3 19 1 1 1 11 8
o 1 4 19 1 1 1 10 8
o 6 4 19 1 1 1 11 35
o 28 4 19 1 1 1 11 40
o 0 5 19 1 1 1 8 16
o 5 5 19 1 1 1 8 1
o 28 5 19 1 1 1 7 42
o 29 5 19 1 1 1 6 32
o 31 5 19 1 1 1 15 32
o 5 6 19 1 1 1 9 35
o 29 6 19 1 1 1 8 40
o 30 6 19 1 1 1 1 32
o 31 6 19 1 1 1 10 35
o 4 7 19 1 1 1 11 1
o 29 7 19 1 1 1 10 42
o 30 7 19 1 1 1 6 33
o 4 8 19 1 1 1 7 1
o 30 8 19 1 1 1 1 43
o 4 9 19 1 1 1 10 35
o 3 10 19 1 1 1 10 1
o 3 11 19 1 1 1 11 1
o 3 12 19 1 1 1 7 35
o 2 13 19 1 1 1 3 1
o 2 14 19 1 1 1 12 35
o 1 15 19 1 1 1 7 33
o 0 0 20 1 1 1 7 2
o 11 0 20 1 1 1 4 2
o 12 0 20 1 1 1 14 2
o 13 0 20 1 1 1 6 2
o 14 0 20 1 1 1 14 2
o 15 0 20 1 1 1 1 2
o 16 0 20 1 1 1 2 2
o 17 0 20 1 1 1 6 2
o 18 0 20 1 1 1 10 2
o 19 0 20 1 1 1 11 2
o 1 1 20 1 1 1 2 8
o 9 1 20 1 1 1 3 2
o 10 1 20 1 1 1 24 33
o 20 1 20 1 1 1 10 42
o 21 1 20 1 1 1 0 34
o 22 1 20 1 1 1 0 2
o 1 2 20 1 1 1 3 8
o 7 2 20 1 1 1 3 2
o 8 2 20 1 1 1 0 35
o 10 2 20 1 1 1 27 45
o 23 2 20 1 1 1 0 42
o 24 2 20 1 1 1 3 34
o 25 2 20 1 1 1 6 2
o 1 3 20 1 1 1 4 8
o 6 3 20 1 1 1 13 1
o 10 3 20 1 1 1 20 47
o 26 3 20 1 1 1 14 42
o 27 3 20 1 1 1 8 32
o 1 4 20 1 1 1 11 8
o 6 4 20 1 1 1 7 1
o 27 4 20 1 1 1 6 40
o 0 5 20 1 1 1 11 16
o 6 5 20 1 1 1 6 35
o 27 5 20 1 1 1 15 42
o 5 6 20 1 1 1 14 1
o 28 6 20 1 1 1 13 40
o 5 7 20 1 1 1 1 33
o 28 7 20 1 1 1 4 40
o 31 7 20 1 1 1 14 32
o 5 8 20 1 1 1 15 35
o 28 8 20 1 1 1 7 42
o 29 8 20 1 1 1 0 32
o 31 8 20 1 1 1 10 35
o 4 9 20 1 1 1 12 1
o 29 9 20 1 1 1 0 40
o 30 9 20 1 1 1 11 33
o 4 10 20 1 1 1 11 35
o 29 10 20 1 1 1 10 42
o 30 10 20 1 1 1 14 35
o 3 11 20 1 1 1 7 1
o 3 12 20 1 1 1 8 1
o 3 13 20 1 1 1 9 35
o 2 14 20 1 1 1 8 3
o 1 15 20 1 1 1 1 1
o 0 0 21 1 1 1 14 2
o 12 0 21 1 1 1 1 2
o 13 0 21 1 1 1 1 2
o 14 0 21 1 1 1 5 2
o 15 0 21 1 1 1 15 2
o 16 0 21 1 1 1 13 2
o 17 0 21 1 1 1 9 2
o 18 0 21 1 1 1 5 2
o 1 1 21 1 1 1 8 8
o 9 1 21 1 1 1 1 2
o 10 1 21 1 1 1 14 2
o 11 1 21 1 1 1 2 35
o 19 1 21 1 1 1 12 42
o 1 2 21 1 1 1 5 8
o 8 2 21 1 1 1 3 3
o 20 2 21 1 1 1 27 40
o 21 2 21 1 1 1 4 34
o 22 2 21 1 1 1 6 34
o 1 3 21 1 1 1 4 8
o 7 3 21 1 1 1 5 35
o 20 3 21 1 1 1 26 45
o 23 3 21 1 1 1 3 42
o 24 3 21 1 1 1 14 34
o 25 3 21 1 1 1 0 32
o 1 4 21 1 1 1 0 8
o 6 4 21 1 1 1 5 1
o 20 4 21 1 1 1 27 47
o 25 4 21 1 1 1 14 42
o 26 4 21 1 1 1 9 32
o 0 5 21 1 1 1 10 16
o 6 5 21 1 1 1 2 1
o 26 5 21 1 1 1 11 40
o 6 6 21 1 1 1 14 35
o 26 6 21 1 1 1 15 42
o 27 6 21 1 1 1 5 32
o 5 7 21 1 1 1 0 1
o 27 7 21 1 1 1 7 40
o 5 8 21 1 1 1 0 1
o 27 8 21 1 1 1 5 42
o 5 9 21 1 1 1 11 35
o 28 9 21 1 1 1 8 40
o 31 9 21 1 1 1 7 33
o 4 10 21 1 1 1 9 1
o 28 10 21 1 1 1 13 42
o 31 10 21 1 1 1 5 35
o 4 11 21 1 1 1 5 35
o 29 11 21 1 1 1 12 40
o 30 11 21 1 1 1 15 35
o 3 12 21 1 1 1 12 1
o 29 12 21 1 1 1 11 43
o 3 13 21 1 1 1 13 1
o 3 14 21 1 1 1 4 35
o 2 15 21 1 1 1 0 33
o 12 0 22 1 1 1 4 2
o 13 0 22 1 1 1 12 2
o 14 0 22 1 1 1 3 2
o 15 0 22 1 1 1 12 2
o 16 0 22 1 1 1 6 2
o 17 0 22 1 1 1 1 2
o 18 0 22 1 1 1 15 2
o 0 1 22 1 1 1 1 36
o 11 1 22 1 1 1 1 3
o 19 1 22 1 1 1 5 10
o 0 2 22 1 1 1 1 36
o 9 2 22 1 1 1 9 34
o 10 2 22 1 1 1 4 35
o 20 2 22 1 1 1 7 10
o 21 2 22 1 1 1 6 2
o 0 3 22 1 1 1 4 36
o 8 3 22 1 1 1 2 35
o 22 3 22 1 1 1 9 42
o 0 4 22 1 1 1 8 36
o 7 4 22 1 1 1 15 33
o 23 4 22 1 1 1 7 42
o 24 4 22 1 1 1 10 32
o 7 5 22 1 1 1 13 35
o 24 5 22 1 1 1 14 42
o 25 5 22 1 1 1 5 32
o 6 6 22 1 1 1 8 1
o 25 6 22 1 1 1 8 40
o 6 7 22 1 1 1 12 35
o 25 7 22 1 1 1 15 42
o 26 7 22 1 1 1 11 32
o 5 8 22 1 1 1 12 1
o 26 8 22 1 1 1 4 40
o 5 9 22 1 1 1 7 1
o 26 9 22 1 1 1 0 42
o 27 9 22 1 1 1 12 32
o 5 10 22 1 1 1 6 35
o 27 10 22 1 1 1 6 40
o 4 11 22 1 1 1 5 1
o 27 11 22 1 1 1 0 42
o 28 11 22 1 1 1 0 32
o 31 11 22 1 1 1 10 35
o 4 12 22 1 1 1 9 33
o 28 12 22 1 1 1 11 42
o 30 12 22 1 1 1 7 35
o 4 13 22 1 1 1 6 35
o 29 13 22 1 1 1 1 43
o 3 14 22 1 1 1 11 3
o 2 15 22 1 1 1 9 1
o 0 0 23 1 1 1 14 2
o 14 0 23 1 1 1 10 2
o 15 0 23 1 1 1 0 2
o 1 1 23 1 1 1 0 8
o 12 1 23 1 1 1 0 34
o 13 1 23 1 1 1 13 35
o 16 1 23 1 1 1 12 42
o 17 1 23 1 1 1 7 34
o 18 1 23 1 1 1 6 34
o 1 2 23 1 1 1 3 8
o 11 2 23 1 1 1 14 35
o 19 2 23 1 1 1 14 42
o 1 3 23 1 1 1 7 8
o 9 3 23 1 1 1 13 32
o 10 3 23 1 1 1 9 35
o 20 3 23 1 1 1 4 42
o 21 3 23 1 1 1 6 34
o 1 4 23 1 1 1 15 8
o 8 4 23 1 1 1 7 32
o 9 4 23 1 1 1 5 33
o 22 4 23 1 1 1 8 40
o 0 5 23 1 1 1 15 16
o 8 5 23 1 1 1 6 32
o 9 5 23 1 1 1 5 35
o 22 5 23 1 1 1 13 42
o 23 5 23 1 1 1 7 32
o 7 6 23 1 1 1 6 32
o 8 6 23 1 1 1 15 35
o 23 6 23 1 1 1 12 40
o 24 6 23 1 1 1 9 32
o 7 7 23 1 1 1 0 35
o 23 7 23 1 1 1 13 42
o 24 7 23 1 1 1 7 32
o 6 8 23 1 1 1 15 33
o 24 8 23 1 1 1 4 42
o 25 8 23 1 1 1 4 32
o 6 9 23 1 1 1 4 33
o 25 9 23 1 1 1 14 40
o 6 10 23 1 1 1 9 35
o 25 10 23 1 1 1 5 40
o 26 10 23 1 1 1 6 32
o 5 11 23 1 1 1 10 35
o 25 11 23 1 1 1 2 42
o 26 11 23 1 1 1 11 32
o 4 12 23 1 1 1 13 1
o 26 12 23 1 1 1 8 42
o 27 12 23 1 1 1 14 32
o 31 12 23 1 1 1 13 35
o 4 13 23 1 1 1 10 1
o 27 13 23 1 1 1 15 42
o 28 13 23 1 1 1 14 34
o 30 13 23 1 1 1 8 35
o 4 14 23 1 1 1 6 35
o 29 14 23 1 1 1 4 43
o 3 15 23 1 1 1 9 33
o 0 0 24 1 1 1 9 2
o 1 1 24 1 1 1 11 8
o 14 1 24 1 1 1 14 34
o 15 1 24 1 1 1 14 34
o 16 1 24 1 1 1 14 2
o 1 2 24 1 1 1 3 8
o 12 2 24 1 1 1 1 32
o 13 2 24 1 1 1 1 35
o 17 2 24 1 1 1 15 42
o 18 2 24 1 1 1 1 34
o 19 2 24 1 1 1 4 2
o 1 3 24 1 1 1 8 8
o 11 3 24 1 1 1 1 32
o 12 3 24 1 1 1 12 35
o 20 3 24 1 1 1 10 8
o 1 4 24 1 1 1 2 8
o 10 4 24 1 1 1 4 32
o 11 4 24 1 1 1 0 35
o 20 4 24 1 1 1 15 40
o 21 4 24 1 1 1 2 32
o 0 5 24 1 1 1 2 16
o 10 5 24 1 1 1 4 33
o 20 5 24 1 1 1 2 42
o 21 5 24 1 1 1 7 32
o 9 6 24 1 1 1 11 32
o 10 6 24 1 1 1 12 35
o 21 6 24 1 1 1 14 42
o 22 6 24 1 1 1 11 32
o 8 7 24 1 1 1 2 32
o 9 7 24 1 1 1 6 35
o 22 7 24 1 1 1 14 40
o 7 8 24 1 1 1 5 32
o 8 8 24 1 1 1 9 35
o 22 8 24 1 1 1 11 42
o 23 8 24 1 1 1 5 32
o 7 9 24 1 1 1 14 33
o 23 9 24 1 1 1 12 40
o 24 9 24 1 1 1 11 32
o 7 10 24 1 1 1 2 35
o 23 10 24 1 1 1 7 42
o 24 10 24 1 1 1 8 32
o 6 11 24 1 1 1 8 33
o 24 11 24 1 1 1 4 42
o 5 12 24 1 1 1 14 32
o 6 12 24 1 1 1 14 35
o 25 12 24 1 1 1 14 42
o 5 13 24 1 1 1 2 35
o 26 13 24 1 1 1 9 42
o 31 13 24 1 1 1 13 39
o 4 14 24 1 1 1 4 3
o 27 14 24 1 1 1 15 42
o 28 14 24 1 1 1 15 34
o 30 14 24 1 1 1 8 39
o 3 15 24 1 1 1 7 1
o 29 15 24 1 1 1 10 45
o 0 0 25 1 1 1 3 2
o 1 1 25 1 1 1 10 8
o 1 2 25 1 1 1 3 8
o 13 2 25 1 1 1 14 2
o 14 2 25 1 1 1 7 34
o 15 2 25 1 1 1 5 34
o 16 2 25 1 1 1 10 34
o 17 2 25 1 1 1 13 2
o 1 3 25 1 1 1 3 8
o 12 3 25 1 1 1 5 1
o 18 3 25 1 1 1 11 42
o 19 3 25 1 1 1 12 32
o 1 4 25 1 1 1 1 8
o 12 4 25 1 1 1 0 33
o 19 4 25 1 1 1 0 40
o 0 5 25 1 1 1 0 16
o 11 5 25 1 1 1 4 32
o 12 5 25 1 1 1 7 35
o 19 5 25 1 1 1 7 40
o 11 6 25 1 1 1 6 33
o 19 6 25 1 1 1 14 42
o 20 6 25 1 1 1 10 32
o 10 7 25 1 1 1 11 32
o 11 7 25 1 1 1 3 35
o 20 7 25 1 1 1 15 40
o 21 7 25 1 1 1 10 32
o 9 8 25 1 1 1 7 32
o 10 8 25 1 1 1 0 35
o 20 8 25 1 1 1 14 42
o 21 8 25 1 1 1 0 32
o 8 9 25 1 1 1 8 32
o 9 9 25 1 1 1 2 33
o 21 9 25 1 1 1 9 42
o 22 9 25 1 1 1 1 32
o 8 10 25 1 1 1 4 32
o 9 10 25 1 1 1 12 35
o 22 10 25 1 1 1 3 40
o 7 11 25 1 1 1 1 32
o 8 11 25 1 1 1 14 35
o 22 11 25 1 1 1 13 42
o 23 11 25 1 1 1 5 32
o 7 12 25 1 1 1 11 35
o 23 12 25 1 1 1 10 42
o 24 12 25 1 1 1 13 32
o 31 12 25 1 1 1 9 7
o 6 13 25 1 1 1 9 35
o 24 13 25 1 1 1 4 42
o 25 13 25 1 1 1 4 34
o 30 13 25 1 1 1 2 7
o 5 14 25 1 1 1 11 35
o 26 14 25 1 1 1 7 42
o 28 14 25 1 1 1 11 6
o 29 14 25 1 1 1 10 7
o 4 15 25 1 1 1 1 33
o 27 15 25 1 1 1 12 45
o 0 0 26 1 1 1 6 2
o 1 1 26 1 1 1 8 8
o 1 2 26 1 1 1 14 8
o 1 3 26 1 1 1 12 8
o 13 3 26 1 1 1 7 32
o 14 3 26 1 1 1 0 32
o 15 3 26 1 1 1 11 34
o 16 3 26 1 1 1 1 32
o 17 3 26 1 1 1 9 34
o 1 4 26 1 1 1 12 8
o 13 4 26 1 1 1 10 32
o 14 4 26 1 1 1 8 35
o 16 4 26 1 1 1 13 43
o 18 4 26 1 1 1 11 40
o 0 5 26 1 1 1 11 16
o 13 5 26 1 1 1 8 35
o 18 5 26 1 1 1 12 42
o 12 6 26 1 1 1 13 33
o 19 6 26 1 1 1 5 8
o 12 7 26 1 1 1 4 33
o 19 7 26 1 1 1 8 40
o 11 8 26 1 1 1 4 32
o 12 8 26 1 1 1 10 35
o 19 8 26 1 1 1 9 42
o 10 9 26 1 1 1 3 32
o 11 9 26 1 1 1 2 33
o 20 9 26 1 1 1 12 40
o 10 10 26 1 1 1 10 32
o 11 10 26 1 1 1 13 35
o 20 10 26 1 1 1 12 40
o 21 10 26 1 1 1 14 32
o 9 11 26 1 1 1 5 32
o 10 11 26 1 1 1 0 35
o 20 11 26 1 1 1 15 42
o 21 11 26 1 1 1 8 32
o 31 11 26 1 1 1 13 3
o 8 12 26 1 1 1 0 32
o 9 12 26 1 1 1 8 35
o 21 12 26 1 1 1 9 42
o 22 12 26 1 1 1 0 32
o 30 12 26 1 1 1 3 3
o 7 13 26 1 1 1 4 34
o 8 13 26 1 1 1 15 35
o 22 13 26 1 1 1 9 42
o 23 13 26 1 1 1 11 34
o 28 13 26 1 1 1 5 2
o 29 13 26 1 1 1 6 3
o 6 14 26 1 1 1 15 35
o 24 14 26 1 1 1 14 42
o 25 14 26 1 1 1 10 34
o 27 14 26 1 1 1 6 3
o 5 15 26 1 1 1 6 33
o 26 15 26 1 1 1 8 41
o 0 0 27 1 1 1 4 2
o 1 1 27 1 1 1 14 8
o 1 2 27 1 1 1 4 8
o 1 3 27 1 1 1 13 8
o 1 4 27 1 1 1 10 8
o 15 4 27 1 1 1 1 32
o 17 4 27 1 1 1 6 32
o 0 5 27 1 1 1 8 16
o 14 5 27 1 1 1 12 32
o 15 5 27 1 1 1 4 34
o 16 5 27 1 1 1 13 32
o 17 5 27 1 1 1 0 32
o 13 6 27 1 1 1 7 32
o 14 6 27 1 1 1 4 33
o 16 6 27 1 1 1 3 42
o 17 6 27 1 1 1 2 34
o 18 6 27 1 1 1 11 32
o 13 7 27 1 1 1 4 32
o 14 7 27 1 1 1 1 35
o 18 7 27 1 1 1 9 40
o 13 8 27 1 1 1 12 35
o 18 8 27 1 1 1 8 42
o 12 9 27 1 1 1 7 33
o 19 9 27 1 1 1 11 40
o 12 10 27 1 1 1 7 33
o 19 10 27 1 1 1 13 42
o 11 11 27 1 1 1 0 32
o 12 11 27 1 1 1 12 35
o 20 11 27 1 1 1 7 8
o 10 12 27 1 1 1 13 32
o 11 12 27 1 1 1 3 35
o 20 12 27 1 1 1 10 40
o 30 12 27 1 1 1 1 2
o 31 12 27 1 1 1 1 39
o 9 13 27 1 1 1 2 34
o 10 13 27 1 1 1 14 35
o 20 13 27 1 1 1 6 42
o 21 13 27 1 1 1 15 32
o 29 13 27 1 1 1 4 3
o 7 14 27 1 1 1 3 34
o 8 14 27 1 1 1 4 35
o 21 14 27 1 1 1 7 42
o 22 14 27 1 1 1 12 34
o 23 14 27 1 1 1 0 34
o 28 14 27 1 1 1 8 35
o 6 15 27 1 1 1 13 33
o 24 15 27 1 1 1 13 40
o 25 15 27 1 1 1 15 32
o 27 15 27 1 1 1 9 33
o 0 0 28 1 1 1 14 2
o 1 1 28 1 1 1 10 8
o 1 2 28 1 1 1 15 8
o 1 3 28 1 1 1 14 8
o 1 4 28 1 1 1 0 8
o 0 5 28 1 1 1 9 16
o 15 6 28 1 1 1 9 32
o 15 7 28 1 1 1 13 32
o 16 7 28 1 1 1 14 32
o 17 7 28 1 1 1 6 32
o 14 8 28 1 1 1 8 32
o 15 8 28 1 1 1 10 34
o 16 8 28 1 1 1 14 32
o 17 8 28 1 1 1 6 32
o 13 9 28 1 1 1 1 32
o 14 9 28 1 1 1 1 33
o 16 9 28 1 1 1 3 42
o 17 9 28 1 1 1 7 34
o 18 9 28 1 1 1 11 32
o 13 10 28 1 1 1 7 32
o 14 10 28 1 1 1 13 35
o 18 10 28 1 1 1 6 40
o 13 11 28 1 1 1 1 35
o 18 11 28 1 1 1 5 42
o 19 11 28 1 1 1 8 32
o 31 11 28 1 1 1 9 3
o 12 12 28 1 1 1 13 33
o 19 12 28 1 1 1 5 40
o 30 12 28 1 1 1 0 3
o 11 13 28 1 1 1 0 34
o 12 13 28 1 1 1 1 35
o 19 13 28 1 1 1 9 42
o 29 13 28 1 1 1 1 3
o 9 14 28 1 1 1 15 34
o 10 14 28 1 1 1 8 35
o 20 14 28 1 1 1 9 42
o 28 14 28 1 1 1 14 3
o 7 15 28 1 1 1 6 32
o 8 15 28 1 1 1 10 33
o 21 15 28 1 1 1 8 40
o 22 15 28 1 1 1 10 32
o 23 15 28 1 1 1 2 32
o 27 15 28 1 1 1 4 1
o 0 0 29 1 1 1 15 2
o 1 1 29 1 1 1 8 8
o 1 2 29 1 1 1 10 8
o 1 3 29 1 1 1 1 8
o 1 4 29 1 1 1 13 8
o 0 5 29 1 1 1 2 16
o 15 9 29 1 1 1 13 32
o 15 10 29 1 1 1 1 32
o 16 10 29 1 1 1 1 32
o 17 10 29 1 1 1 5 32
o 14 11 29 1 1 1 6 32
o 15 11 29 1 1 1 9 34
o 16 11 29 1 1 1 11 34
o 17 11 29 1 1 1 3 32
o 31 11 29 1 1 1 0 1
o 13 12 29 1 1 1 11 32
o 14 12 29 1 1 1 3 35
o 17 12 29 1 1 1 5 42
o 18 12 29 1 1 1 1 32
o 31 12 29 1 1 1 10 35
o 13 13 29 1 1 1 14 35
o 18 13 29 1 1 1 8 42
o 30 13 29 1 1 1 15 35
o 11 14 29 1 1 1 10 34
o 12 14 29 1 1 1 15 35
o 19 14 29 1 1 1 12 42
o 28 14 29 1 1 1 1 2
o 29 14 29 1 1 1 6 35
o 9 15 29 1 1 1 9 32
o 10 15 29 1 1 1 8 33
o 20 15 29 1 1 1 13 40
o 27 15 29 1 1 1 10 1
o 0 0 30 1 1 1 13 2
o 1 1 30 1 1 1 2 8
o 1 2 30 1 1 1 0 8
o 1 3 30 1 1 1 11 8
o 1 4 30 1 1 1 11 8
o 0 5 30 1 1 1 8 16
o 15 12 30 1 1 1 1 34
o 16 12 30 1 1 1 5 32
o 31 12 30 1 1 1 11 1
o 14 13 30 1 1 1 5 35
o 16 13 30 1 1 1 4 42
o 17 13 30 1 1 1 3 34
o 31 13 30 1 1 1 0 35
o 13 14 30 1 1 1 7 35
o 18 14 30 1 1 1 0 42
o 29 14 30 1 1 1 6 2
o 30 14 30 1 1 1 5 39
o 11 15 30 1 1 1 10 32
o 12 15 30 1 1 1 14 33
o 19 15 30 1 1 1 1 40
o 28 15 30 1 1 1 6 33
o 0 0 31 1 1 1 0 2
o 1 1 31 1 1 1 9 8
o 1 2 31 1 1 1 14 8
o 1 3 31 1 1 1 11 8
o 1 4 31 1 1 1 5 8
o 0 5 31 1 1 1 6 16
o 15 13 31 1 1 1 9 34
o 16 13 31 1 1 1 12 2
o 30 13 31 1 1 1 0 2
o 31 13 31 1 1 1 4 3
o 14 14 31 1 1 1 12 35
o 17 14 31 1 1 1 0 42
o 18 14 31 1 1 1 7 2
o 29 14 31 1 1 1 12 3
o 13 15 31 1 1 1 5 33
o 19 15 31 1 1 1 3 8
o 28 15 31 1 1 1 1 1
