c #e0621a #e66820 #d65810 #d1530b #cc4e06 #da5c14
c #db621a #e16820 #d15810 #cc530b #c74e06 #d55c14
c #e1631a #e76920 #d75910 #d2540b #cd4f06 #db5d14
c #e1631a #e76920 #d75910 #d2540b #cd4f06 #db5d14
c #e2631a #e86920 #d85910 #d3540b #ce4f06 #dc5d14
c #e05d1a #e66320 #d65310 #d14e0b #cc4906 #da5714
c #e1611a #e76720 #d75710 #d2520b #cd4d06 #db5b14
c #e25d1a #e86320 #d85310 #d34e0b #ce4906 #dc5714
c #e15f1a #e76520 #d75510 #d2500b #cd4b06 #db5914
c #dc5e1a #e26420 #d25410 #cd4f0b #c84a06 #d65814
c #dd5e1a #e36420 #d35410 #ce4f0b #c94a06 #d75814
c #e1621a #e76820 #d75810 #d2530b #cd4e06 #db5c14
c #dc611a #e26720 #d25710 #cd520b #c84d06 #d65b14
c #db5e1a #e16420 #d15410 #cc4f0b #c74a06 #d55814
c #e15e1a #e76420 #d75410 #d24f0b #cd4a06 #db5814
c #db5f1a #e16520 #d15510 #cc500b #c74b06 #d55914
c #ea351b #f03b21 #e02b11 #db260c #d62107 #e42f15
c #f6351c #fc3b22 #ec2b12 #e7260d #e22108 #f02f16
c #f23a1c #f84022 #e83012 #e32b0d #de2608 #ec3416
c #f4341a #fa3a20 #ea2a10 #e5250b #e02006 #ee2e14
c #f13a1c #f74022 #e73012 #e22b0d #dd2608 #eb3416
c #f0361b #f63c21 #e62c11 #e1270c #dc2207 #ea3015
c #f6341c #fc3a22 #ec2a12 #e7250d #e22008 #f02e16
c #f3351b #f93b21 #e92b11 #e4260c #df2107 #ed2f15
c #f2381c #f83e22 #e82e12 #e3290d #de2408 #ec3216
c #ea351b #f03b21 #e02b11 #db260c #d62107 #e42f15
c #eb3619 #f13c1f #e12c0f #dc270a #d72205 #e53013
c #f3391b #f93f21 #e92f11 #e42a0c #df2507 #ed3315
c #f4341c #fa3a22 #ea2a12 #e5250d #e02008 #ee2e16
c #ec3819 #f23e1f #e22e0f #dd290a #d82405 #e63213
c #ea391a #f03f20 #e02f10 #db2a0b #d62506 #e43314
c #f2391c #f83f22 #e82f12 #e32a0d #de2508 #ec3316
o 2 0 0 1 1 1 11 2
o 3 0 0 1 1 1 15 2
o 4 0 0 1 1 1 4 2
o 5 0 0 1 1 1 14 2
o 6 0 0 1 1 1 3 2
o 7 0 0 1 1 1 6 2
o 8 0 0 1 1 1 10 2
o 10 0 0 1 1 1 10 2
o 11 0 0 1 1 1 5 2
o 12 0 0 1 1 1 10 2
o 13 0 0 1 1 1 7 2
o 14 0 0 1 1 1 3 2
o 15 0 0 1 1 1 8 2
o 16 0 0 1 1 1 12 2
o 18 0 0 1 1 1 9 2
o 19 0 0 1 1 1 3 2
o 20 0 0 1 1 1 3 2
o 22 0 0 1 1 1 4 2
o 23 0 0 1 1 1 7 2
o 24 0 0 1 1 1 9 2
o 26 0 0 1 1 1 14 2
o 27 0 0 1 1 1 12 2
o 28 0 0 1 1 1 4 2
o 29 0 0 1 1 1 14 2
o 30 0 0 1 1 1 13 2
o 31 0 0 1 1 1 14 2
o 1 1 0 1 1 1 10 1
o 9 1 0 1 1 1 10 9
o 17 1 0 1 1 1 13 9
o 21 1 0 1 1 1 7 9
o 25 1 0 1 1 1 3 9
o 1 2 0 1 1 1 7 1
o 9 2 0 1 1 1 0 9
o 17 2 0 1 1 1 6 9
o 21 2 0 1 1 1 1 9
o 25 2 0 1 1 1 15 9
o 1 3 0 1 1 1 6 1
o 9 3 0 1 1 1 0 9
o 17 3 0 1 1 1 15 9
o 21 3 0 1 1 1 11 9
o 25 3 0 1 1 1 7 9
o 1 4 0 1 1 1 2 1
o 9 4 0 1 1 1 9 9
o 17 4 0 1 1 1 5 9
o 21 4 0 1 1 1 6 9
o 25 4 0 1 1 1 8 9
o 2 5 0 1 1 1 14 16
o 3 5 0 1 1 1 3 16
o 4 5 0 1 1 1 14 16
o 5 5 0 1 1 1 13 16
o 6 5 0 1 1 1 3 16
o 7 5 0 1 1 1 5 16
o 8 5 0 1 1 1 3 16
o 10 5 0 1 1 1 7 16
o 11 5 0 1 1 1 9 16
o 12 5 0 1 1 1 2 16
o 13 5 0 1 1 1 10 16
o 14 5 0 1 1 1 2 16
o 15 5 0 1 1 1 3 16
o 16 5 0 1 1 1 5 16
o 18 5 0 1 1 1 0 16
o 19 5 0 1 1 1 9 16
o 20 5 0 1 1 1 2 16
o 22 5 0 1 1 1 7 16
o 23 5 0 1 1 1 0 16
o 24 5 0 1 1 1 11 16
o 26 5 0 1 1 1 14 16
o 27 5 0 1 1 1 9 16
o 28 5 0 1 1 1 9 16
o 29 5 0 1 1 1 15 16
o 30 5 0 1 1 1 4 16
o 31 5 0 1 1 1 14 16
o 2 0 1 1 1 1 3 2
o 3 0 1 1 1 1 11 2
o 4 0 1 1 1 1 0 2
o 5 0 1 1 1 1 1 2
o 6 0 1 1 1 1 8 2
o 7 0 1 1 1 1 3 2
o 8 0 1 1 1 1 0 2
o 10 0 1 1 1 1 2 2
o 11 0 1 1 1 1 5 2
o 12 0 1 1 1 1 9 2
o 13 0 1 1 1 1 12 2
o 14 0 1 1 1 1 15 2
o 15 0 1 1 1 1 8 2
o 16 0 1 1 1 1 12 2
o 18 0 1 1 1 1 15 2
o 19 0 1 1 1 1 4 2
o 20 0 1 1 1 1 15 2
o 22 0 1 1 1 1 11 2
o 23 0 1 1 1 1 1 2
o 24 0 1 1 1 1 3 2
o 26 0 1 1 1 1 0 2
o 27 0 1 1 1 1 6 2
o 28 0 1 1 1 1 14 2
o 29 0 1 1 1 1 15 2
o 30 0 1 1 1 1 10 2
o 31 0 1 1 1 1 14 2
o 1 1 1 1 1 1 8 1
o 9 1 1 1 1 1 7 9
o 17 1 1 1 1 1 11 9
o 21 1 1 1 1 1 3 9
o 25 1 1 1 1 1 12 9
o 1 2 1 1 1 1 12 1
o 9 2 1 1 1 1 11 9
o 17 2 1 1 1 1 5 9
o 21 2 1 1 1 1 4 9
o 25 2 1 1 1 1 4 9
o 1 3 1 1 1 1 1 1
o 9 3 1 1 1 1 15 9
o 17 3 1 1 1 1 14 9
o 21 3 1 1 1 1 2 9
o 25 3 1 1 1 1 4 9
o 1 4 1 1 1 1 2 1
o 9 4 1 1 1 1 7 9
o 17 4 1 1 1 1 11 9
o 21 4 1 1 1 1 11 9
o 25 4 1 1 1 1 0 9
o 2 5 1 1 1 1 3 16
o 3 5 1 1 1 1 10 16
o 4 5 1 1 1 1 9 16
o 5 5 1 1 1 1 5 16
o 6 5 1 1 1 1 8 16
o 7 5 1 1 1 1 3 16
o 8 5 1 1 1 1 2 16
o 10 5 1 1 1 1 11 16
o 11 5 1 1 1 1 15 16
o 12 5 1 1 1 1 9 16
o 13 5 1 1 1 1 15 16
o 14 5 1 1 1 1 12 16
o 15 5 1 1 1 1 8 16
o 16 5 1 1 1 1 6 16
o 18 5 1 1 1 1 11 16
o 19 5 1 1 1 1 12 16
o 20 5 1 1 1 1 8 16
o 22 5 1 1 1 1 4 16
o 23 5 1 1 1 1 13 16
o 24 5 1 1 1 1 8 16
o 26 5 1 1 1 1 3 16
o 27 5 1 1 1 1 14 16
o 28 5 1 1 1 1 0 16
o 29 5 1 1 1 1 4 16
o 30 5 1 1 1 1 13 16
o 31 5 1 1 1 1 12 16
o 10 0 2 1 1 1 9 2
o 11 0 2 1 1 1 5 2
o 12 0 2 1 1 1 7 2
o 18 0 2 1 1 1 9 2
o 19 0 2 1 1 1 13 2
o 20 0 2 1 1 1 5 2
o 22 0 2 1 1 1 8 2
o 23 0 2 1 1 1 4 2
o 24 0 2 1 1 1 4 2
o 30 0 2 1 1 1 11 2
o 31 0 2 1 1 1 7 2
o 2 1 2 1 1 1 4 36
o 3 1 2 1 1 1 15 36
o 4 1 2 1 1 1 2 36
o 5 1 2 1 1 1 11 36
o 6 1 2 1 1 1 13 36
o 7 1 2 1 1 1 12 36
o 8 1 2 1 1 1 3 36
o 9 1 2 1 1 1 1 1
o 13 1 2 1 1 1 5 40
o 14 1 2 1 1 1 3 36
o 15 1 2 1 1 1 2 36
o 16 1 2 1 1 1 13 36
o 17 1 2 1 1 1 9 1
o 21 1 2 1 1 1 13 13
o 25 1 2 1 1 1 7 8
o 26 1 2 1 1 1 11 36
o 27 1 2 1 1 1 8 36
o 28 1 2 1 1 1 15 36
o 29 1 2 1 1 1 9 37
o 2 2 2 1 1 1 9 36
o 3 2 2 1 1 1 7 36
o 4 2 2 1 1 1 3 36
o 5 2 2 1 1 1 0 36
o 6 2 2 1 1 1 0 36
o 7 2 2 1 1 1 6 36
o 8 2 2 1 1 1 8 36
o 9 2 2 1 1 1 6 1
o 13 2 2 1 1 1 10 40
o 14 2 2 1 1 1 4 36
o 15 2 2 1 1 1 2 36
o 16 2 2 1 1 1 10 36
o 17 2 2 1 1 1 5 1
o 21 2 2 1 1 1 10 13
o 25 2 2 1 1 1 13 8
o 26 2 2 1 1 1 12 36
o 27 2 2 1 1 1 2 36
o 28 2 2 1 1 1 15 36
o 29 2 2 1 1 1 4 37
o 2 3 2 1 1 1 10 36
o 3 3 2 1 1 1 0 36
o 4 3 2 1 1 1 4 36
o 5 3 2 1 1 1 0 36
o 6 3 2 1 1 1 3 36
o 7 3 2 1 1 1 2 36
o 8 3 2 1 1 1 13 36
o 9 3 2 1 1 1 13 1
o 13 3 2 1 1 1 11 40
o 14 3 2 1 1 1 13 36
o 15 3 2 1 1 1 4 36
o 16 3 2 1 1 1 13 36
o 17 3 2 1 1 1 11 1
o 21 3 2 1 1 1 6 13
o 25 3 2 1 1 1 10 8
o 26 3 2 1 1 1 14 36
o 27 3 2 1 1 1 11 36
o 28 3 2 1 1 1 13 36
o 29 3 2 1 1 1 4 37
o 2 4 2 1 1 1 13 36
o 3 4 2 1 1 1 0 36
o 4 4 2 1 1 1 7 36
o 5 4 2 1 1 1 1 36
o 6 4 2 1 1 1 5 36
o 7 4 2 1 1 1 0 36
o 8 4 2 1 1 1 6 36
o 9 4 2 1 1 1 7 1
o 13 4 2 1 1 1 8 40
o 14 4 2 1 1 1 2 36
o 15 4 2 1 1 1 3 36
o 16 4 2 1 1 1 10 36
o 17 4 2 1 1 1 4 1
o 21 4 2 1 1 1 11 13
o 25 4 2 1 1 1 11 8
o 26 4 2 1 1 1 8 36
o 27 4 2 1 1 1 10 36
o 28 4 2 1 1 1 4 36
o 29 4 2 1 1 1 6 37
o 10 5 2 1 1 1 14 16
o 11 5 2 1 1 1 9 16
o 12 5 2 1 1 1 13 16
o 18 5 2 1 1 1 3 16
o 19 5 2 1 1 1 3 16
o 20 5 2 1 1 1 10 16
o 22 5 2 1 1 1 0 16
o 23 5 2 1 1 1 1 16
o 24 5 2 1 1 1 11 16
o 30 5 2 1 1 1 8 16
o 31 5 2 1 1 1 2 16
o 2 0 3 1 1 1 15 2
o 3 0 3 1 1 1 5 2
o 4 0 3 1 1 1 1 2
o 5 0 3 1 1 1 1 2
o 6 0 3 1 1 1 12 2
o 7 0 3 1 1 1 8 2
o 8 0 3 1 1 1 12 2
o 10 0 3 1 1 1 2 2
o 11 0 3 1 1 1 1 2
o 12 0 3 1 1 1 0 2
o 14 0 3 1 1 1 2 2
o 15 0 3 1 1 1 7 2
o 16 0 3 1 1 1 15 2
o 18 0 3 1 1 1 13 2
o 19 0 3 1 1 1 7 2
o 20 0 3 1 1 1 1 2
o 21 0 3 1 1 1 3 2
o 22 0 3 1 1 1 6 2
o 23 0 3 1 1 1 2 2
o 24 0 3 1 1 1 1 2
o 26 0 3 1 1 1 15 2
o 27 0 3 1 1 1 8 2
o 28 0 3 1 1 1 0 2
o 29 0 3 1 1 1 5 2
o 30 0 3 1 1 1 15 2
o 31 0 3 1 1 1 0 2
o 1 1 3 1 1 1 15 1
o 9 1 3 1 1 1 6 9
o 13 1 3 1 1 1 3 9
o 17 1 3 1 1 1 5 9
o 25 1 3 1 1 1 8 9
o 1 2 3 1 1 1 10 1
o 9 2 3 1 1 1 2 9
o 13 2 3 1 1 1 13 9
o 17 2 3 1 1 1 8 9
o 25 2 3 1 1 1 4 9
o 1 3 3 1 1 1 15 1
o 9 3 3 1 1 1 1 9
o 13 3 3 1 1 1 9 9
o 17 3 3 1 1 1 6 9
o 25 3 3 1 1 1 6 9
o 1 4 3 1 1 1 5 1
o 9 4 3 1 1 1 0 9
o 13 4 3 1 1 1 8 9
o 17 4 3 1 1 1 0 9
o 25 4 3 1 1 1 5 9
o 2 5 3 1 1 1 2 16
o 3 5 3 1 1 1 7 16
o 4 5 3 1 1 1 2 16
o 5 5 3 1 1 1 1 16
o 6 5 3 1 1 1 7 16
o 7 5 3 1 1 1 7 16
o 8 5 3 1 1 1 2 16
o 10 5 3 1 1 1 14 16
o 11 5 3 1 1 1 3 16
o 12 5 3 1 1 1 0 16
o 14 5 3 1 1 1 7 16
o 15 5 3 1 1 1 11 16
o 16 5 3 1 1 1 8 16
o 18 5 3 1 1 1 10 16
o 19 5 3 1 1 1 13 16
o 20 5 3 1 1 1 11 16
o 21 5 3 1 1 1 10 16
o 22 5 3 1 1 1 0 16
o 23 5 3 1 1 1 12 16
o 24 5 3 1 1 1 12 16
o 26 5 3 1 1 1 6 16
o 27 5 3 1 1 1 8 16
o 28 5 3 1 1 1 14 16
o 29 5 3 1 1 1 14 16
o 30 5 3 1 1 1 4 16
o 31 5 3 1 1 1 4 16
o 2 0 4 1 1 1 8 2
o 3 0 4 1 1 1 8 2
o 4 0 4 1 1 1 14 2
o 5 0 4 1 1 1 1 2
o 6 0 4 1 1 1 11 2
o 7 0 4 1 1 1 12 2
o 8 0 4 1 1 1 1 2
o 10 0 4 1 1 1 2 2
o 11 0 4 1 1 1 8 2
o 12 0 4 1 1 1 3 2
o 14 0 4 1 1 1 4 2
o 15 0 4 1 1 1 4 2
o 16 0 4 1 1 1 12 2
o 18 0 4 1 1 1 10 2
o 19 0 4 1 1 1 12 2
o 20 0 4 1 1 1 13 2
o 21 0 4 1 1 1 9 2
o 22 0 4 1 1 1 14 2
o 23 0 4 1 1 1 8 2
o 24 0 4 1 1 1 10 2
o 26 0 4 1 1 1 14 2
o 27 0 4 1 1 1 12 2
o 28 0 4 1 1 1 8 2
o 29 0 4 1 1 1 14 2
o 30 0 4 1 1 1 2 2
o 31 0 4 1 1 1 13 2
o 1 1 4 1 1 1 15 1
o 9 1 4 1 1 1 5 9
o 13 1 4 1 1 1 15 9
o 17 1 4 1 1 1 13 9
o 25 1 4 1 1 1 15 9
o 1 2 4 1 1 1 6 1
o 9 2 4 1 1 1 2 9
o 13 2 4 1 1 1 13 9
o 17 2 4 1 1 1 4 9
o 25 2 4 1 1 1 11 9
o 1 3 4 1 1 1 14 1
o 9 3 4 1 1 1 1 9
o 13 3 4 1 1 1 1 9
o 17 3 4 1 1 1 8 9
o 25 3 4 1 1 1 9 9
o 1 4 4 1 1 1 1 1
o 9 4 4 1 1 1 8 9
o 13 4 4 1 1 1 15 9
o 17 4 4 1 1 1 9 9
o 25 4 4 1 1 1 1 9
o 2 5 4 1 1 1 7 16
o 3 5 4 1 1 1 4 16
o 4 5 4 1 1 1 5 16
o 5 5 4 1 1 1 13 16
o 6 5 4 1 1 1 4 16
o 7 5 4 1 1 1 3 16
o 8 5 4 1 1 1 4 16
o 10 5 4 1 1 1 5 16
o 11 5 4 1 1 1 4 16
o 12 5 4 1 1 1 6 16
o 14 5 4 1 1 1 3 16
o 15 5 4 1 1 1 13 16
o 16 5 4 1 1 1 2 16
o 18 5 4 1 1 1 8 16
o 19 5 4 1 1 1 6 16
o 20 5 4 1 1 1 6 16
o 21 5 4 1 1 1 6 16
o 22 5 4 1 1 1 12 16
o 23 5 4 1 1 1 5 16
o 24 5 4 1 1 1 3 16
o 26 5 4 1 1 1 3 16
o 27 5 4 1 1 1 1 16
o 28 5 4 1 1 1 4 16
o 29 5 4 1 1 1 13 16
o 30 5 4 1 1 1 8 16
o 31 5 4 1 1 1 8 16
o 2 0 5 1 1 1 10 2
o 3 0 5 1 1 1 11 2
o 4 0 5 1 1 1 3 2
o 5 0 5 1 1 1 13 2
o 6 0 5 1 1 1 2 2
o 7 0 5 1 1 1 0 2
o 8 0 5 1 1 1 4 2
o 10 0 5 1 1 1 5 2
o 11 0 5 1 1 1 10 2
o 12 0 5 1 1 1 2 2
o 14 0 5 1 1 1 4 2
o 15 0 5 1 1 1 9 2
o 16 0 5 1 1 1 10 2
o 18 0 5 1 1 1 5 2
o 19 0 5 1 1 1 12 2
o 20 0 5 1 1 1 15 2
o 21 0 5 1 1 1 13 2
o 22 0 5 1 1 1 8 2
o 23 0 5 1 1 1 8 2
o 24 0 5 1 1 1 12 2
o 26 0 5 1 1 1 5 2
o 27 0 5 1 1 1 2 2
o 28 0 5 1 1 1 11 2
o 29 0 5 1 1 1 14 2
o 30 0 5 1 1 1 0 2
o 31 0 5 1 1 1 4 2
o 1 1 5 1 1 1 6 1
o 9 1 5 1 1 1 15 9
o 13 1 5 1 1 1 2 9
o 17 1 5 1 1 1 3 9
o 25 1 5 1 1 1 13 9
o 1 2 5 1 1 1 2 1
o 9 2 5 1 1 1 14 9
o 13 2 5 1 1 1 13 9
o 17 2 5 1 1 1 10 9
o 25 2 5 1 1 1 4 9
o 1 3 5 1 1 1 9 1
o 9 3 5 1 1 1 12 9
o 13 3 5 1 1 1 7 9
o 17 3 5 1 1 1 10 9
o 25 3 5 1 1 1 3 9
o 1 4 5 1 1 1 0 1
o 9 4 5 1 1 1 12 9
o 13 4 5 1 1 1 6 9
o 17 4 5 1 1 1 13 9
o 25 4 5 1 1 1 15 9
o 2 5 5 1 1 1 12 16
o 3 5 5 1 1 1 12 16
o 4 5 5 1 1 1 14 16
o 5 5 5 1 1 1 1 16
o 6 5 5 1 1 1 12 16
o 7 5 5 1 1 1 7 16
o 8 5 5 1 1 1 5 16
o 10 5 5 1 1 1 10 16
o 11 5 5 1 1 1 0 16
o 12 5 5 1 1 1 5 16
o 14 5 5 1 1 1 6 16
o 15 5 5 1 1 1 12 16
o 16 5 5 1 1 1 10 16
o 18 5 5 1 1 1 15 16
o 19 5 5 1 1 1 5 16
o 20 5 5 1 1 1 9 16
o 21 5 5 1 1 1 7 16
o 22 5 5 1 1 1 0 16
o 23 5 5 1 1 1 0 16
o 24 5 5 1 1 1 3 16
o 26 5 5 1 1 1 6 16
o 27 5 5 1 1 1 9 16
o 28 5 5 1 1 1 2 16
o 29 5 5 1 1 1 8 16
o 30 5 5 1 1 1 5 16
o 31 5 5 1 1 1 0 16
o 2 0 6 1 1 1 0 2
o 3 0 6 1 1 1 15 2
o 4 0 6 1 1 1 10 2
o 6 0 6 1 1 1 13 2
o 7 0 6 1 1 1 9 2
o 8 0 6 1 1 1 11 2
o 10 0 6 1 1 1 5 2
o 11 0 6 1 1 1 12 2
o 12 0 6 1 1 1 1 2
o 14 0 6 1 1 1 4 2
o 15 0 6 1 1 1 1 2
o 16 0 6 1 1 1 14 2
o 30 0 6 1 1 1 6 2
o 31 0 6 1 1 1 1 2
o 1 1 6 1 1 1 7 1
o 5 1 6 1 1 1 1 41
o 9 1 6 1 1 1 7 9
o 13 1 6 1 1 1 14 9
o 17 1 6 1 1 1 7 8
o 18 1 6 1 1 1 0 36
o 19 1 6 1 1 1 4 36
o 20 1 6 1 1 1 6 36
o 21 1 6 1 1 1 9 36
o 22 1 6 1 1 1 7 36
o 23 1 6 1 1 1 15 36
o 24 1 6 1 1 1 7 36
o 25 1 6 1 1 1 2 4
o 26 1 6 1 1 1 0 36
o 27 1 6 1 1 1 8 36
o 28 1 6 1 1 1 15 36
o 29 1 6 1 1 1 8 37
o 1 2 6 1 1 1 1 1
o 5 2 6 1 1 1 7 41
o 9 2 6 1 1 1 3 9
o 13 2 6 1 1 1 7 9
o 17 2 6 1 1 1 2 8
o 18 2 6 1 1 1 8 36
o 19 2 6 1 1 1 11 36
o 20 2 6 1 1 1 15 36
o 21 2 6 1 1 1 10 36
o 22 2 6 1 1 1 12 36
o 23 2 6 1 1 1 15 36
o 24 2 6 1 1 1 15 36
o 25 2 6 1 1 1 1 4
o 26 2 6 1 1 1 5 36
o 27 2 6 1 1 1 13 36
o 28 2 6 1 1 1 4 36
o 29 2 6 1 1 1 15 37
o 1 3 6 1 1 1 14 1
o 5 3 6 1 1 1 15 41
o 9 3 6 1 1 1 3 9
o 13 3 6 1 1 1 9 9
o 17 3 6 1 1 1 11 8
o 18 3 6 1 1 1 6 36
o 19 3 6 1 1 1 6 36
o 20 3 6 1 1 1 2 36
o 21 3 6 1 1 1 0 36
o 22 3 6 1 1 1 9 36
o 23 3 6 1 1 1 5 36
o 24 3 6 1 1 1 15 36
o 25 3 6 1 1 1 12 4
o 26 3 6 1 1 1 1 36
o 27 3 6 1 1 1 14 36
o 28 3 6 1 1 1 5 36
o 29 3 6 1 1 1 10 37
o 1 4 6 1 1 1 13 1
o 5 4 6 1 1 1 11 41
o 9 4 6 1 1 1 9 9
o 13 4 6 1 1 1 11 9
o 17 4 6 1 1 1 13 8
o 18 4 6 1 1 1 10 36
o 19 4 6 1 1 1 2 36
o 20 4 6 1 1 1 13 36
o 21 4 6 1 1 1 6 36
o 22 4 6 1 1 1 15 36
o 23 4 6 1 1 1 0 36
o 24 4 6 1 1 1 14 36
o 25 4 6 1 1 1 14 4
o 26 4 6 1 1 1 8 36
o 27 4 6 1 1 1 5 36
o 28 4 6 1 1 1 3 36
o 29 4 6 1 1 1 14 37
o 2 5 6 1 1 1 5 16
o 3 5 6 1 1 1 11 16
o 4 5 6 1 1 1 12 16
o 6 5 6 1 1 1 11 16
o 7 5 6 1 1 1 10 16
o 8 5 6 1 1 1 13 16
o 10 5 6 1 1 1 9 16
o 11 5 6 1 1 1 7 16
o 12 5 6 1 1 1 14 16
o 14 5 6 1 1 1 5 16
o 15 5 6 1 1 1 4 16
o 16 5 6 1 1 1 12 16
o 30 5 6 1 1 1 4 16
o 31 5 6 1 1 1 9 16
o 2 0 7 1 1 1 5 2
o 3 0 7 1 1 1 5 2
o 4 0 7 1 1 1 0 2
o 6 0 7 1 1 1 12 2
o 7 0 7 1 1 1 15 2
o 8 0 7 1 1 1 1 2
o 10 0 7 1 1 1 6 2
o 11 0 7 1 1 1 5 2
o 12 0 7 1 1 1 6 2
o 14 0 7 1 1 1 13 2
o 15 0 7 1 1 1 4 2
o 16 0 7 1 1 1 6 2
o 18 0 7 1 1 1 0 2
o 19 0 7 1 1 1 14 2
o 20 0 7 1 1 1 9 2
o 21 0 7 1 1 1 4 2
o 22 0 7 1 1 1 12 2
o 23 0 7 1 1 1 14 2
o 24 0 7 1 1 1 8 2
o 25 0 7 1 1 1 0 2
o 26 0 7 1 1 1 13 2
o 27 0 7 1 1 1 1 2
o 28 0 7 1 1 1 6 2
o 29 0 7 1 1 1 3 2
o 30 0 7 1 1 1 12 2
o 31 0 7 1 1 1 14 2
o 1 1 7 1 1 1 11 1
o 5 1 7 1 1 1 4 9
o 9 1 7 1 1 1 1 9
o 13 1 7 1 1 1 4 9
o 17 1 7 1 1 1 9 9
o 1 2 7 1 1 1 2 1
o 5 2 7 1 1 1 14 9
o 9 2 7 1 1 1 13 9
o 13 2 7 1 1 1 3 9
o 17 2 7 1 1 1 0 9
o 1 3 7 1 1 1 13 1
o 5 3 7 1 1 1 13 9
o 9 3 7 1 1 1 2 9
o 13 3 7 1 1 1 12 9
o 17 3 7 1 1 1 3 9
o 1 4 7 1 1 1 4 1
o 5 4 7 1 1 1 8 9
o 9 4 7 1 1 1 11 9
o 13 4 7 1 1 1 4 9
o 17 4 7 1 1 1 9 9
o 2 5 7 1 1 1 14 16
o 3 5 7 1 1 1 2 16
o 4 5 7 1 1 1 3 16
o 6 5 7 1 1 1 2 16
o 7 5 7 1 1 1 8 16
o 8 5 7 1 1 1 14 16
o 10 5 7 1 1 1 10 16
o 11 5 7 1 1 1 0 16
o 12 5 7 1 1 1 13 16
o 14 5 7 1 1 1 4 16
o 15 5 7 1 1 1 3 16
o 16 5 7 1 1 1 2 16
o 18 5 7 1 1 1 0 16
o 19 5 7 1 1 1 9 16
o 20 5 7 1 1 1 15 16
o 21 5 7 1 1 1 6 16
o 22 5 7 1 1 1 0 16
o 23 5 7 1 1 1 0 16
o 24 5 7 1 1 1 0 16
o 25 5 7 1 1 1 9 16
o 26 5 7 1 1 1 6 16
o 27 5 7 1 1 1 7 16
o 28 5 7 1 1 1 7 16
o 29 5 7 1 1 1 1 16
o 30 5 7 1 1 1 11 16
o 31 5 7 1 1 1 13 16
o 2 0 8 1 1 1 7 2
o 3 0 8 1 1 1 2 2
o 4 0 8 1 1 1 15 2
o 6 0 8 1 1 1 11 2
o 7 0 8 1 1 1 11 2
o 8 0 8 1 1 1 8 2
o 10 0 8 1 1 1 12 2
o 11 0 8 1 1 1 7 2
o 12 0 8 1 1 1 7 2
o 14 0 8 1 1 1 7 2
o 15 0 8 1 1 1 0 2
o 16 0 8 1 1 1 8 2
o 18 0 8 1 1 1 9 2
o 19 0 8 1 1 1 12 2
o 20 0 8 1 1 1 11 2
o 21 0 8 1 1 1 1 2
o 22 0 8 1 1 1 1 2
o 23 0 8 1 1 1 8 2
o 24 0 8 1 1 1 0 2
o 25 0 8 1 1 1 14 2
o 26 0 8 1 1 1 3 2
o 27 0 8 1 1 1 0 2
o 28 0 8 1 1 1 10 2
o 29 0 8 1 1 1 2 2
o 30 0 8 1 1 1 10 2
o 31 0 8 1 1 1 7 2
o 1 1 8 1 1 1 10 1
o 5 1 8 1 1 1 10 9
o 9 1 8 1 1 1 10 9
o 13 1 8 1 1 1 7 9
o 17 1 8 1 1 1 11 9
o 1 2 8 1 1 1 7 1
o 5 2 8 1 1 1 10 9
o 9 2 8 1 1 1 10 9
o 13 2 8 1 1 1 3 9
o 17 2 8 1 1 1 10 9
o 1 3 8 1 1 1 8 1
o 5 3 8 1 1 1 5 9
o 9 3 8 1 1 1 13 9
o 13 3 8 1 1 1 6 9
o 17 3 8 1 1 1 2 9
o 1 4 8 1 1 1 10 1
o 5 4 8 1 1 1 11 9
o 9 4 8 1 1 1 9 9
o 13 4 8 1 1 1 5 9
o 17 4 8 1 1 1 12 9
o 2 5 8 1 1 1 4 16
o 3 5 8 1 1 1 15 16
o 4 5 8 1 1 1 14 16
o 6 5 8 1 1 1 7 16
o 7 5 8 1 1 1 6 16
o 8 5 8 1 1 1 1 16
o 10 5 8 1 1 1 3 16
o 11 5 8 1 1 1 6 16
o 12 5 8 1 1 1 4 16
o 14 5 8 1 1 1 5 16
o 15 5 8 1 1 1 1 16
o 16 5 8 1 1 1 12 16
o 18 5 8 1 1 1 13 16
o 19 5 8 1 1 1 8 16
o 20 5 8 1 1 1 5 16
o 21 5 8 1 1 1 0 16
o 22 5 8 1 1 1 0 16
o 23 5 8 1 1 1 5 16
o 24 5 8 1 1 1 1 16
o 25 5 8 1 1 1 13 16
o 26 5 8 1 1 1 8 16
o 27 5 8 1 1 1 2 16
o 28 5 8 1 1 1 2 16
o 29 5 8 1 1 1 8 16
o 30 5 8 1 1 1 5 16
o 31 5 8 1 1 1 11 16
o 2 0 9 1 1 1 4 2
o 3 0 9 1 1 1 3 2
o 4 0 9 1 1 1 3 2
o 6 0 9 1 1 1 5 2
o 7 0 9 1 1 1 7 2
o 8 0 9 1 1 1 5 2
o 10 0 9 1 1 1 12 2
o 11 0 9 1 1 1 3 2
o 12 0 9 1 1 1 13 2
o 14 0 9 1 1 1 10 2
o 15 0 9 1 1 1 3 2
o 16 0 9 1 1 1 1 2
o 18 0 9 1 1 1 13 2
o 19 0 9 1 1 1 6 2
o 20 0 9 1 1 1 1 2
o 21 0 9 1 1 1 9 2
o 22 0 9 1 1 1 8 2
o 23 0 9 1 1 1 3 2
o 24 0 9 1 1 1 6 2
o 25 0 9 1 1 1 0 2
o 26 0 9 1 1 1 9 2
o 27 0 9 1 1 1 7 2
o 28 0 9 1 1 1 10 2
o 29 0 9 1 1 1 7 2
o 30 0 9 1 1 1 4 2
o 31 0 9 1 1 1 12 2
o 1 1 9 1 1 1 9 1
o 5 1 9 1 1 1 4 9
o 9 1 9 1 1 1 1 9
o 13 1 9 1 1 1 12 9
o 17 1 9 1 1 1 6 9
o 1 2 9 1 1 1 5 1
o 5 2 9 1 1 1 4 9
o 9 2 9 1 1 1 3 9
o 13 2 9 1 1 1 13 9
o 17 2 9 1 1 1 11 9
o 1 3 9 1 1 1 3 1
o 5 3 9 1 1 1 10 9
o 9 3 9 1 1 1 10 9
o 13 3 9 1 1 1 1 9
o 17 3 9 1 1 1 15 9
o 1 4 9 1 1 1 3 1
o 5 4 9 1 1 1 4 9
o 9 4 9 1 1 1 3 9
o 13 4 9 1 1 1 12 9
o 17 4 9 1 1 1 8 9
o 2 5 9 1 1 1 11 16
o 3 5 9 1 1 1 13 16
o 4 5 9 1 1 1 11 16
o 6 5 9 1 1 1 10 16
o 7 5 9 1 1 1 4 16
o 8 5 9 1 1 1 10 16
o 10 5 9 1 1 1 12 16
o 11 5 9 1 1 1 6 16
o 12 5 9 1 1 1 13 16
o 14 5 9 1 1 1 11 16
o 15 5 9 1 1 1 9 16
o 16 5 9 1 1 1 15 16
o 18 5 9 1 1 1 6 16
o 19 5 9 1 1 1 3 16
o 20 5 9 1 1 1 10 16
o 21 5 9 1 1 1 7 16
o 22 5 9 1 1 1 10 16
o 23 5 9 1 1 1 15 16
o 24 5 9 1 1 1 5 16
o 25 5 9 1 1 1 12 16
o 26 5 9 1 1 1 15 16
o 27 5 9 1 1 1 9 16
o 28 5 9 1 1 1 4 16
o 29 5 9 1 1 1 11 16
o 30 5 9 1 1 1 0 16
o 31 5 9 1 1 1 5 16
o 2 0 10 1 1 1 4 2
o 3 0 10 1 1 1 12 2
o 4 0 10 1 1 1 8 2
o 6 0 10 1 1 1 6 2
o 7 0 10 1 1 1 15 2
o 8 0 10 1 1 1 4 2
o 10 0 10 1 1 1 9 2
o 11 0 10 1 1 1 11 2
o 12 0 10 1 1 1 7 2
o 14 0 10 1 1 1 3 2
o 15 0 10 1 1 1 13 2
o 16 0 10 1 1 1 4 2
o 18 0 10 1 1 1 15 2
o 19 0 10 1 1 1 15 2
o 20 0 10 1 1 1 15 2
o 30 0 10 1 1 1 9 2
o 31 0 10 1 1 1 10 2
o 1 1 10 1 1 1 2 1
o 5 1 10 1 1 1 5 9
o 9 1 10 1 1 1 11 13
o 13 1 10 1 1 1 2 9
o 17 1 10 1 1 1 13 13
o 21 1 10 1 1 1 1 44
o 22 1 10 1 1 1 14 36
o 23 1 10 1 1 1 3 36
o 24 1 10 1 1 1 13 36
o 25 1 10 1 1 1 3 36
o 26 1 10 1 1 1 0 36
o 27 1 10 1 1 1 1 36
o 28 1 10 1 1 1 7 36
o 29 1 10 1 1 1 4 33
o 1 2 10 1 1 1 9 1
o 5 2 10 1 1 1 0 9
o 9 2 10 1 1 1 8 13
o 13 2 10 1 1 1 15 9
o 17 2 10 1 1 1 8 13
o 21 2 10 1 1 1 15 44
o 22 2 10 1 1 1 3 36
o 23 2 10 1 1 1 6 36
o 24 2 10 1 1 1 0 36
o 25 2 10 1 1 1 9 36
o 26 2 10 1 1 1 7 36
o 27 2 10 1 1 1 5 36
o 28 2 10 1 1 1 3 36
o 29 2 10 1 1 1 13 33
o 1 3 10 1 1 1 10 1
o 5 3 10 1 1 1 1 9
o 9 3 10 1 1 1 13 13
o 13 3 10 1 1 1 6 9
o 17 3 10 1 1 1 13 13
o 21 3 10 1 1 1 5 44
o 22 3 10 1 1 1 3 36
o 23 3 10 1 1 1 6 36
o 24 3 10 1 1 1 10 36
o 25 3 10 1 1 1 15 36
o 26 3 10 1 1 1 2 36
o 27 3 10 1 1 1 3 36
o 28 3 10 1 1 1 8 36
o 29 3 10 1 1 1 7 33
o 1 4 10 1 1 1 13 1
o 5 4 10 1 1 1 10 9
o 9 4 10 1 1 1 7 13
o 13 4 10 1 1 1 6 9
o 17 4 10 1 1 1 2 13
o 21 4 10 1 1 1 13 44
o 22 4 10 1 1 1 5 36
o 23 4 10 1 1 1 14 36
o 24 4 10 1 1 1 13 36
o 25 4 10 1 1 1 4 36
o 26 4 10 1 1 1 7 36
o 27 4 10 1 1 1 12 36
o 28 4 10 1 1 1 7 36
o 29 4 10 1 1 1 14 33
o 2 5 10 1 1 1 0 16
o 3 5 10 1 1 1 5 16
o 4 5 10 1 1 1 13 16
o 6 5 10 1 1 1 8 16
o 7 5 10 1 1 1 0 16
o 8 5 10 1 1 1 2 16
o 10 5 10 1 1 1 3 16
o 11 5 10 1 1 1 6 16
o 12 5 10 1 1 1 6 16
o 14 5 10 1 1 1 7 16
o 15 5 10 1 1 1 15 16
o 16 5 10 1 1 1 13 16
o 18 5 10 1 1 1 3 16
o 19 5 10 1 1 1 2 16
o 20 5 10 1 1 1 1 16
o 30 5 10 1 1 1 10 16
o 31 5 10 1 1 1 2 16
o 2 0 11 1 1 1 6 2
o 3 0 11 1 1 1 4 2
o 4 0 11 1 1 1 9 2
o 6 0 11 1 1 1 0 2
o 7 0 11 1 1 1 11 2
o 8 0 11 1 1 1 6 2
o 9 0 11 1 1 1 4 2
o 10 0 11 1 1 1 4 2
o 11 0 11 1 1 1 9 2
o 12 0 11 1 1 1 7 2
o 14 0 11 1 1 1 10 2
o 15 0 11 1 1 1 6 2
o 16 0 11 1 1 1 11 2
o 17 0 11 1 1 1 5 2
o 18 0 11 1 1 1 11 2
o 19 0 11 1 1 1 14 2
o 20 0 11 1 1 1 0 2
o 21 0 11 1 1 1 2 2
o 22 0 11 1 1 1 11 2
o 23 0 11 1 1 1 15 2
o 24 0 11 1 1 1 9 2
o 25 0 11 1 1 1 0 2
o 26 0 11 1 1 1 3 2
o 27 0 11 1 1 1 5 2
o 28 0 11 1 1 1 11 2
o 30 0 11 1 1 1 7 2
o 31 0 11 1 1 1 3 2
o 1 1 11 1 1 1 5 1
o 5 1 11 1 1 1 10 9
o 13 1 11 1 1 1 4 9
o 29 1 11 1 1 1 3 9
o 1 2 11 1 1 1 7 1
o 5 2 11 1 1 1 14 9
o 13 2 11 1 1 1 4 9
o 29 2 11 1 1 1 7 9
o 1 3 11 1 1 1 0 1
o 5 3 11 1 1 1 4 9
o 13 3 11 1 1 1 13 9
o 29 3 11 1 1 1 0 9
o 1 4 11 1 1 1 12 1
o 5 4 11 1 1 1 15 9
o 13 4 11 1 1 1 3 9
o 29 4 11 1 1 1 13 9
o 2 5 11 1 1 1 8 16
o 3 5 11 1 1 1 2 16
o 4 5 11 1 1 1 15 16
o 6 5 11 1 1 1 0 16
o 7 5 11 1 1 1 3 16
o 8 5 11 1 1 1 12 16
o 9 5 11 1 1 1 3 16
o 10 5 11 1 1 1 4 16
o 11 5 11 1 1 1 8 16
o 12 5 11 1 1 1 9 16
o 14 5 11 1 1 1 6 16
o 15 5 11 1 1 1 15 16
o 16 5 11 1 1 1 9 16
o 17 5 11 1 1 1 3 16
o 18 5 11 1 1 1 2 16
o 19 5 11 1 1 1 1 16
o 20 5 11 1 1 1 1 16
o 21 5 11 1 1 1 0 16
o 22 5 11 1 1 1 6 16
o 23 5 11 1 1 1 0 16
o 24 5 11 1 1 1 15 16
o 25 5 11 1 1 1 11 16
o 26 5 11 1 1 1 7 16
o 27 5 11 1 1 1 4 16
o 28 5 11 1 1 1 15 16
o 30 5 11 1 1 1 14 16
o 31 5 11 1 1 1 15 16
o 2 0 12 1 1 1 12 2
o 3 0 12 1 1 1 6 2
o 4 0 12 1 1 1 12 2
o 6 0 12 1 1 1 9 2
o 7 0 12 1 1 1 14 2
o 8 0 12 1 1 1 12 2
o 9 0 12 1 1 1 13 2
o 10 0 12 1 1 1 3 2
o 11 0 12 1 1 1 11 2
o 12 0 12 1 1 1 3 2
o 14 0 12 1 1 1 9 2
o 15 0 12 1 1 1 7 2
o 16 0 12 1 1 1 0 2
o 17 0 12 1 1 1 4 2
o 18 0 12 1 1 1 14 2
o 19 0 12 1 1 1 14 2
o 20 0 12 1 1 1 3 2
o 21 0 12 1 1 1 11 2
o 22 0 12 1 1 1 6 2
o 23 0 12 1 1 1 7 2
o 24 0 12 1 1 1 9 2
o 25 0 12 1 1 1 10 2
o 26 0 12 1 1 1 9 2
o 27 0 12 1 1 1 9 2
o 28 0 12 1 1 1 1 2
o 30 0 12 1 1 1 11 2
o 31 0 12 1 1 1 4 2
o 1 1 12 1 1 1 5 1
o 5 1 12 1 1 1 7 9
o 13 1 12 1 1 1 5 9
o 29 1 12 1 1 1 2 9
o 1 2 12 1 1 1 0 1
o 5 2 12 1 1 1 13 9
o 13 2 12 1 1 1 15 9
o 29 2 12 1 1 1 3 9
o 1 3 12 1 1 1 6 1
o 5 3 12 1 1 1 15 9
o 13 3 12 1 1 1 9 9
o 29 3 12 1 1 1 8 9
o 1 4 12 1 1 1 2 1
o 5 4 12 1 1 1 5 9
o 13 4 12 1 1 1 10 9
o 29 4 12 1 1 1 7 9
o 2 5 12 1 1 1 10 16
o 3 5 12 1 1 1 3 16
o 4 5 12 1 1 1 13 16
o 6 5 12 1 1 1 13 16
o 7 5 12 1 1 1 4 16
o 8 5 12 1 1 1 4 16
o 9 5 12 1 1 1 14 16
o 10 5 12 1 1 1 4 16
o 11 5 12 1 1 1 12 16
o 12 5 12 1 1 1 13 16
o 14 5 12 1 1 1 2 16
o 15 5 12 1 1 1 8 16
o 16 5 12 1 1 1 12 16
o 17 5 12 1 1 1 10 16
o 18 5 12 1 1 1 1 16
o 19 5 12 1 1 1 11 16
o 20 5 12 1 1 1 15 16
o 21 5 12 1 1 1 2 16
o 22 5 12 1 1 1 3 16
o 23 5 12 1 1 1 15 16
o 24 5 12 1 1 1 15 16
o 25 5 12 1 1 1 5 16
o 26 5 12 1 1 1 1 16
o 27 5 12 1 1 1 2 16
o 28 5 12 1 1 1 6 16
o 30 5 12 1 1 1 14 16
o 31 5 12 1 1 1 7 16
o 2 0 13 1 1 1 8 2
o 3 0 13 1 1 1 1 2
o 4 0 13 1 1 1 10 2
o 6 0 13 1 1 1 15 2
o 7 0 13 1 1 1 4 2
o 8 0 13 1 1 1 6 2
o 9 0 13 1 1 1 3 2
o 10 0 13 1 1 1 9 2
o 11 0 13 1 1 1 0 2
o 12 0 13 1 1 1 4 2
o 14 0 13 1 1 1 0 2
o 15 0 13 1 1 1 1 2
o 16 0 13 1 1 1 10 2
o 17 0 13 1 1 1 8 2
o 18 0 13 1 1 1 9 2
o 19 0 13 1 1 1 14 2
o 20 0 13 1 1 1 0 2
o 21 0 13 1 1 1 10 2
o 22 0 13 1 1 1 15 2
o 23 0 13 1 1 1 4 2
o 24 0 13 1 1 1 15 2
o 25 0 13 1 1 1 14 2
o 26 0 13 1 1 1 3 2
o 27 0 13 1 1 1 3 2
o 28 0 13 1 1 1 14 2
o 30 0 13 1 1 1 7 2
o 31 0 13 1 1 1 11 2
o 1 1 13 1 1 1 10 1
o 5 1 13 1 1 1 12 9
o 13 1 13 1 1 1 8 9
o 29 1 13 1 1 1 5 9
o 1 2 13 1 1 1 6 1
o 5 2 13 1 1 1 2 9
o 13 2 13 1 1 1 11 9
o 29 2 13 1 1 1 4 9
o 1 3 13 1 1 1 12 1
o 5 3 13 1 1 1 3 9
o 13 3 13 1 1 1 9 9
o 29 3 13 1 1 1 6 9
o 1 4 13 1 1 1 9 1
o 5 4 13 1 1 1 4 9
o 13 4 13 1 1 1 8 9
o 29 4 13 1 1 1 4 9
o 2 5 13 1 1 1 6 16
o 3 5 13 1 1 1 12 16
o 4 5 13 1 1 1 0 16
o 6 5 13 1 1 1 14 16
o 7 5 13 1 1 1 4 16
o 8 5 13 1 1 1 13 16
o 9 5 13 1 1 1 9 16
o 10 5 13 1 1 1 12 16
o 11 5 13 1 1 1 12 16
o 12 5 13 1 1 1 9 16
o 14 5 13 1 1 1 0 16
o 15 5 13 1 1 1 10 16
o 16 5 13 1 1 1 8 16
o 17 5 13 1 1 1 3 16
o 18 5 13 1 1 1 10 16
o 19 5 13 1 1 1 14 16
o 20 5 13 1 1 1 10 16
o 21 5 13 1 1 1 7 16
o 22 5 13 1 1 1 8 16
o 23 5 13 1 1 1 13 16
o 24 5 13 1 1 1 2 16
o 25 5 13 1 1 1 5 16
o 26 5 13 1 1 1 2 16
o 27 5 13 1 1 1 10 16
o 28 5 13 1 1 1 3 16
o 30 5 13 1 1 1 4 16
o 31 5 13 1 1 1 2 16
o 2 0 14 1 1 1 4 2
o 3 0 14 1 1 1 13 2
o 4 0 14 1 1 1 10 2
o 26 0 14 1 1 1 9 2
o 27 0 14 1 1 1 8 2
o 28 0 14 1 1 1 2 2
o 30 0 14 1 1 1 13 2
o 31 0 14 1 1 1 14 2
o 1 1 14 1 1 1 2 1
o 5 1 14 1 1 1 15 8
o 6 1 14 1 1 1 8 36
o 7 1 14 1 1 1 10 36
o 8 1 14 1 1 1 2 36
o 9 1 14 1 1 1 8 36
o 10 1 14 1 1 1 5 36
o 11 1 14 1 1 1 4 36
o 12 1 14 1 1 1 14 36
o 13 1 14 1 1 1 10 4
o 14 1 14 1 1 1 11 36
o 15 1 14 1 1 1 0 36
o 16 1 14 1 1 1 11 36
o 17 1 14 1 1 1 15 36
o 18 1 14 1 1 1 4 36
o 19 1 14 1 1 1 0 36
o 20 1 14 1 1 1 3 36
o 21 1 14 1 1 1 2 32
o 22 1 14 1 1 1 3 36
o 23 1 14 1 1 1 14 36
o 24 1 14 1 1 1 3 36
o 25 1 14 1 1 1 10 37
o 29 1 14 1 1 1 13 9
o 30 1 14 1 1 1 22 39
o 31 1 14 1 1 1 22 47
o 1 2 14 1 1 1 0 1
o 5 2 14 1 1 1 12 8
o 6 2 14 1 1 1 6 36
o 7 2 14 1 1 1 10 36
o 8 2 14 1 1 1 3 36
o 9 2 14 1 1 1 9 36
o 10 2 14 1 1 1 7 36
o 11 2 14 1 1 1 1 36
o 12 2 14 1 1 1 1 36
o 13 2 14 1 1 1 10 4
o 14 2 14 1 1 1 9 36
o 15 2 14 1 1 1 13 36
o 16 2 14 1 1 1 6 36
o 17 2 14 1 1 1 14 36
o 18 2 14 1 1 1 0 36
o 19 2 14 1 1 1 0 36
o 20 2 14 1 1 1 3 36
o 21 2 14 1 1 1 7 32
o 22 2 14 1 1 1 2 36
o 23 2 14 1 1 1 13 36
o 24 2 14 1 1 1 0 36
o 25 2 14 1 1 1 3 37
o 29 2 14 1 1 1 5 9
o 30 2 14 1 1 1 31 55
o 31 2 14 1 1 1 22 63
o 1 3 14 1 1 1 12 1
o 5 3 14 1 1 1 3 8
o 6 3 14 1 1 1 13 36
o 7 3 14 1 1 1 5 36
o 8 3 14 1 1 1 2 36
o 9 3 14 1 1 1 11 36
o 10 3 14 1 1 1 13 36
o 11 3 14 1 1 1 10 36
o 12 3 14 1 1 1 13 36
o 13 3 14 1 1 1 15 4
o 14 3 14 1 1 1 8 36
o 15 3 14 1 1 1 5 36
o 16 3 14 1 1 1 8 36
o 17 3 14 1 1 1 11 36
o 18 3 14 1 1 1 1 36
o 19 3 14 1 1 1 1 36
o 20 3 14 1 1 1 4 36
o 21 3 14 1 1 1 0 32
o 22 3 14 1 1 1 10 36
o 23 3 14 1 1 1 10 36
o 24 3 14 1 1 1 10 36
o 25 3 14 1 1 1 11 37
o 29 3 14 1 1 1 14 9
o 30 3 14 1 1 1 23 55
o 31 3 14 1 1 1 22 63
o 1 4 14 1 1 1 4 1
o 5 4 14 1 1 1 12 8
o 6 4 14 1 1 1 1 36
o 7 4 14 1 1 1 0 36
o 8 4 14 1 1 1 6 36
o 9 4 14 1 1 1 5 36
o 10 4 14 1 1 1 14 36
o 11 4 14 1 1 1 8 36
o 12 4 14 1 1 1 1 36
o 13 4 14 1 1 1 2 4
o 14 4 14 1 1 1 10 36
o 15 4 14 1 1 1 2 36
o 16 4 14 1 1 1 10 36
o 17 4 14 1 1 1 12 36
o 18 4 14 1 1 1 6 36
o 19 4 14 1 1 1 0 36
o 20 4 14 1 1 1 6 36
o 21 4 14 1 1 1 2 32
o 22 4 14 1 1 1 1 36
o 23 4 14 1 1 1 10 36
o 24 4 14 1 1 1 0 36
o 25 4 14 1 1 1 14 37
o 29 4 14 1 1 1 13 9
o 30 4 14 1 1 1 17 53
o 31 4 14 1 1 1 19 61
o 2 5 14 1 1 1 4 16
o 3 5 14 1 1 1 10 16
o 4 5 14 1 1 1 5 16
o 26 5 14 1 1 1 8 16
o 27 5 14 1 1 1 7 16
o 28 5 14 1 1 1 14 16
o 30 5 14 1 1 1 3 16
o 31 5 14 1 1 1 3 16
o 2 0 15 1 1 1 12 2
o 3 0 15 1 1 1 13 2
o 4 0 15 1 1 1 5 2
o 6 0 15 1 1 1 10 2
o 7 0 15 1 1 1 2 2
o 8 0 15 1 1 1 14 2
o 9 0 15 1 1 1 10 2
o 10 0 15 1 1 1 8 2
o 11 0 15 1 1 1 4 2
o 12 0 15 1 1 1 8 2
o 13 0 15 1 1 1 14 2
o 14 0 15 1 1 1 1 2
o 15 0 15 1 1 1 9 2
o 16 0 15 1 1 1 6 2
o 17 0 15 1 1 1 6 2
o 18 0 15 1 1 1 8 2
o 19 0 15 1 1 1 15 2
o 20 0 15 1 1 1 6 2
o 22 0 15 1 1 1 12 2
o 23 0 15 1 1 1 4 2
o 24 0 15 1 1 1 11 2
o 25 0 15 1 1 1 9 2
o 26 0 15 1 1 1 4 2
o 27 0 15 1 1 1 1 2
o 28 0 15 1 1 1 0 2
o 30 0 15 1 1 1 11 2
o 31 0 15 1 1 1 1 2
o 1 1 15 1 1 1 7 1
o 5 1 15 1 1 1 7 9
o 21 1 15 1 1 1 13 9
o 29 1 15 1 1 1 4 9
o 1 2 15 1 1 1 5 1
o 5 2 15 1 1 1 7 9
o 21 2 15 1 1 1 9 9
o 29 2 15 1 1 1 0 9
o 1 3 15 1 1 1 14 1
o 5 3 15 1 1 1 3 9
o 21 3 15 1 1 1 13 9
o 29 3 15 1 1 1 14 9
o 1 4 15 1 1 1 7 1
o 5 4 15 1 1 1 8 9
o 21 4 15 1 1 1 11 9
o 29 4 15 1 1 1 3 9
o 2 5 15 1 1 1 4 16
o 3 5 15 1 1 1 6 16
o 4 5 15 1 1 1 14 16
o 6 5 15 1 1 1 15 16
o 7 5 15 1 1 1 15 16
o 8 5 15 1 1 1 7 16
o 9 5 15 1 1 1 10 16
o 10 5 15 1 1 1 1 16
o 11 5 15 1 1 1 5 16
o 12 5 15 1 1 1 15 16
o 13 5 15 1 1 1 11 16
o 14 5 15 1 1 1 3 16
o 15 5 15 1 1 1 11 16
o 16 5 15 1 1 1 4 16
o 17 5 15 1 1 1 9 16
o 18 5 15 1 1 1 10 16
o 19 5 15 1 1 1 6 16
o 20 5 15 1 1 1 8 16
o 22 5 15 1 1 1 4 16
o 23 5 15 1 1 1 1 16
o 24 5 15 1 1 1 13 16
o 25 5 15 1 1 1 13 16
o 26 5 15 1 1 1 6 16
o 27 5 15 1 1 1 13 16
o 28 5 15 1 1 1 4 16
o 30 5 15 1 1 1 4 16
o 31 5 15 1 1 1 4 16
o 2 0 16 1 1 1 11 2
o 3 0 16 1 1 1 0 2
o 4 0 16 1 1 1 4 2
o 6 0 16 1 1 1 1 2
o 7 0 16 1 1 1 5 2
o 8 0 16 1 1 1 12 2
o 9 0 16 1 1 1 6 2
o 10 0 16 1 1 1 0 2
o 11 0 16 1 1 1 9 2
o 12 0 16 1 1 1 8 2
o 13 0 16 1 1 1 11 2
o 14 0 16 1 1 1 2 2
o 15 0 16 1 1 1 9 2
o 16 0 16 1 1 1 7 2
o 17 0 16 1 1 1 3 2
o 18 0 16 1 1 1 0 2
o 19 0 16 1 1 1 15 2
o 20 0 16 1 1 1 1 2
o 22 0 16 1 1 1 14 2
o 23 0 16 1 1 1 12 2
o 24 0 16 1 1 1 8 2
o 25 0 16 1 1 1 3 2
o 26 0 16 1 1 1 0 2
o 27 0 16 1 1 1 11 2
o 28 0 16 1 1 1 9 2
o 30 0 16 1 1 1 12 2
o 31 0 16 1 1 1 7 2
o 1 1 16 1 1 1 7 1
o 5 1 16 1 1 1 2 9
o 21 1 16 1 1 1 7 9
o 29 1 16 1 1 1 11 9
o 1 2 16 1 1 1 9 1
o 5 2 16 1 1 1 7 9
o 21 2 16 1 1 1 9 9
o 29 2 16 1 1 1 0 9
o 1 3 16 1 1 1 0 1
o 5 3 16 1 1 1 2 9
o 21 3 16 1 1 1 3 9
o 29 3 16 1 1 1 8 9
o 1 4 16 1 1 1 15 1
o 5 4 16 1 1 1 3 9
o 21 4 16 1 1 1 8 9
o 29 4 16 1 1 1 13 9
o 2 5 16 1 1 1 13 16
o 3 5 16 1 1 1 5 16
o 4 5 16 1 1 1 9 16
o 6 5 16 1 1 1 0 16
o 7 5 16 1 1 1 15 16
o 8 5 16 1 1 1 2 16
o 9 5 16 1 1 1 12 16
o 10 5 16 1 1 1 12 16
o 11 5 16 1 1 1 6 16
o 12 5 16 1 1 1 12 16
o 13 5 16 1 1 1 4 16
o 14 5 16 1 1 1 4 16
o 15 5 16 1 1 1 5 16
o 16 5 16 1 1 1 2 16
o 17 5 16 1 1 1 11 16
o 18 5 16 1 1 1 7 16
o 19 5 16 1 1 1 12 16
o 20 5 16 1 1 1 4 16
o 22 5 16 1 1 1 3 16
o 23 5 16 1 1 1 8 16
o 24 5 16 1 1 1 8 16
o 25 5 16 1 1 1 6 16
o 26 5 16 1 1 1 6 16
o 27 5 16 1 1 1 1 16
o 28 5 16 1 1 1 11 16
o 30 5 16 1 1 1 5 16
o 31 5 16 1 1 1 12 16
o 2 0 17 1 1 1 7 2
o 3 0 17 1 1 1 8 2
o 4 0 17 1 1 1 2 2
o 6 0 17 1 1 1 5 2
o 7 0 17 1 1 1 3 2
o 8 0 17 1 1 1 8 2
o 9 0 17 1 1 1 7 2
o 10 0 17 1 1 1 13 2
o 11 0 17 1 1 1 1 2
o 12 0 17 1 1 1 1 2
o 13 0 17 1 1 1 1 2
o 14 0 17 1 1 1 0 2
o 15 0 17 1 1 1 7 2
o 16 0 17 1 1 1 2 2
o 17 0 17 1 1 1 13 2
o 18 0 17 1 1 1 5 2
o 19 0 17 1 1 1 10 2
o 20 0 17 1 1 1 10 2
o 22 0 17 1 1 1 5 2
o 23 0 17 1 1 1 3 2
o 24 0 17 1 1 1 15 2
o 25 0 17 1 1 1 8 2
o 26 0 17 1 1 1 14 2
o 27 0 17 1 1 1 4 2
o 28 0 17 1 1 1 4 2
o 30 0 17 1 1 1 2 2
o 31 0 17 1 1 1 10 2
o 1 1 17 1 1 1 2 1
o 5 1 17 1 1 1 5 9
o 21 1 17 1 1 1 13 9
o 29 1 17 1 1 1 0 9
o 1 2 17 1 1 1 2 1
o 5 2 17 1 1 1 11 9
o 21 2 17 1 1 1 6 9
o 29 2 17 1 1 1 13 9
o 1 3 17 1 1 1 8 1
o 5 3 17 1 1 1 3 9
o 21 3 17 1 1 1 15 9
o 29 3 17 1 1 1 8 9
o 1 4 17 1 1 1 2 1
o 5 4 17 1 1 1 9 9
o 21 4 17 1 1 1 8 9
o 29 4 17 1 1 1 1 9
o 2 5 17 1 1 1 3 16
o 3 5 17 1 1 1 9 16
o 4 5 17 1 1 1 12 16
o 6 5 17 1 1 1 0 16
o 7 5 17 1 1 1 7 16
o 8 5 17 1 1 1 1 16
o 9 5 17 1 1 1 3 16
o 10 5 17 1 1 1 10 16
o 11 5 17 1 1 1 7 16
o 12 5 17 1 1 1 6 16
o 13 5 17 1 1 1 11 16
o 14 5 17 1 1 1 12 16
o 15 5 17 1 1 1 4 16
o 16 5 17 1 1 1 11 16
o 17 5 17 1 1 1 0 16
o 18 5 17 1 1 1 5 16
o 19 5 17 1 1 1 15 16
o 20 5 17 1 1 1 1 16
o 22 5 17 1 1 1 2 16
o 23 5 17 1 1 1 7 16
o 24 5 17 1 1 1 7 16
o 25 5 17 1 1 1 7 16
o 26 5 17 1 1 1 4 16
o 27 5 17 1 1 1 11 16
o 28 5 17 1 1 1 9 16
o 30 5 17 1 1 1 11 16
o 31 5 17 1 1 1 9 16
o 31 15 17 1 1 1 10 1
o 6 0 18 1 1 1 1 2
o 7 0 18 1 1 1 10 2
o 8 0 18 1 1 1 0 2
o 10 0 18 1 1 1 1 2
o 11 0 18 1 1 1 12 2
o 12 0 18 1 1 1 7 2
o 22 0 18 1 1 1 12 2
o 23 0 18 1 1 1 8 2
o 24 0 18 1 1 1 6 2
o 30 0 18 1 1 1 10 2
o 31 0 18 1 1 1 11 2
o 2 1 18 1 1 1 2 36
o 3 1 18 1 1 1 8 36
o 4 1 18 1 1 1 3 36
o 5 1 18 1 1 1 6 1
o 9 1 18 1 1 1 11 41
o 13 1 18 1 1 1 13 40
o 14 1 18 1 1 1 5 36
o 15 1 18 1 1 1 8 36
o 16 1 18 1 1 1 3 36
o 17 1 18 1 1 1 9 32
o 18 1 18 1 1 1 14 36
o 19 1 18 1 1 1 0 36
o 20 1 18 1 1 1 10 36
o 21 1 18 1 1 1 14 5
o 25 1 18 1 1 1 1 40
o 26 1 18 1 1 1 9 36
o 27 1 18 1 1 1 11 36
o 28 1 18 1 1 1 5 36
o 29 1 18 1 1 1 2 5
o 2 2 18 1 1 1 9 36
o 3 2 18 1 1 1 13 36
o 4 2 18 1 1 1 5 36
o 5 2 18 1 1 1 3 1
o 9 2 18 1 1 1 5 41
o 13 2 18 1 1 1 8 40
o 14 2 18 1 1 1 14 36
o 15 2 18 1 1 1 0 36
o 16 2 18 1 1 1 7 36
o 17 2 18 1 1 1 14 32
o 18 2 18 1 1 1 12 36
o 19 2 18 1 1 1 11 36
o 20 2 18 1 1 1 2 36
o 21 2 18 1 1 1 6 5
o 25 2 18 1 1 1 15 40
o 26 2 18 1 1 1 11 36
o 27 2 18 1 1 1 7 36
o 28 2 18 1 1 1 7 36
o 29 2 18 1 1 1 1 5
o 2 3 18 1 1 1 6 36
o 3 3 18 1 1 1 8 36
o 4 3 18 1 1 1 14 36
o 5 3 18 1 1 1 7 1
o 9 3 18 1 1 1 11 41
o 13 3 18 1 1 1 2 40
o 14 3 18 1 1 1 9 36
o 15 3 18 1 1 1 7 36
o 16 3 18 1 1 1 1 36
o 17 3 18 1 1 1 12 32
o 18 3 18 1 1 1 10 36
o 19 3 18 1 1 1 6 36
o 20 3 18 1 1 1 8 36
o 21 3 18 1 1 1 1 5
o 25 3 18 1 1 1 4 40
o 26 3 18 1 1 1 3 36
o 27 3 18 1 1 1 7 36
o 28 3 18 1 1 1 3 36
o 29 3 18 1 1 1 2 5
o 2 4 18 1 1 1 3 36
o 3 4 18 1 1 1 11 36
o 4 4 18 1 1 1 12 36
o 5 4 18 1 1 1 4 1
o 9 4 18 1 1 1 10 41
o 13 4 18 1 1 1 9 40
o 14 4 18 1 1 1 0 36
o 15 4 18 1 1 1 10 36
o 16 4 18 1 1 1 1 36
o 17 4 18 1 1 1 2 32
o 18 4 18 1 1 1 13 36
o 19 4 18 1 1 1 12 36
o 20 4 18 1 1 1 14 36
o 21 4 18 1 1 1 0 5
o 25 4 18 1 1 1 6 40
o 26 4 18 1 1 1 2 36
o 27 4 18 1 1 1 4 36
o 28 4 18 1 1 1 13 36
o 29 4 18 1 1 1 1 5
o 6 5 18 1 1 1 15 16
o 7 5 18 1 1 1 13 16
o 8 5 18 1 1 1 8 16
o 10 5 18 1 1 1 7 16
o 11 5 18 1 1 1 4 16
o 12 5 18 1 1 1 2 16
o 22 5 18 1 1 1 9 16
o 23 5 18 1 1 1 3 16
o 24 5 18 1 1 1 2 16
o 30 5 18 1 1 1 15 16
o 31 5 18 1 1 1 8 16
o 2 0 19 1 1 1 14 2
o 3 0 19 1 1 1 1 2
o 4 0 19 1 1 1 14 2
o 6 0 19 1 1 1 12 2
o 7 0 19 1 1 1 15 2
o 8 0 19 1 1 1 5 2
o 10 0 19 1 1 1 3 2
o 11 0 19 1 1 1 13 2
o 12 0 19 1 1 1 6 2
o 14 0 19 1 1 1 8 2
o 15 0 19 1 1 1 5 2
o 16 0 19 1 1 1 11 2
o 18 0 19 1 1 1 12 2
o 19 0 19 1 1 1 7 2
o 20 0 19 1 1 1 9 2
o 21 0 19 1 1 1 6 2
o 22 0 19 1 1 1 4 2
o 23 0 19 1 1 1 4 2
o 24 0 19 1 1 1 5 2
o 26 0 19 1 1 1 15 2
o 27 0 19 1 1 1 9 2
o 28 0 19 1 1 1 10 2
o 29 0 19 1 1 1 11 2
o 30 0 19 1 1 1 5 2
o 31 0 19 1 1 1 9 2
o 1 1 19 1 1 1 10 1
o 5 1 19 1 1 1 2 9
o 9 1 19 1 1 1 2 9
o 13 1 19 1 1 1 10 9
o 17 1 19 1 1 1 11 9
o 25 1 19 1 1 1 13 9
o 1 2 19 1 1 1 13 1
o 5 2 19 1 1 1 12 9
o 9 2 19 1 1 1 8 9
o 13 2 19 1 1 1 12 9
o 17 2 19 1 1 1 14 9
o 25 2 19 1 1 1 15 9
o 1 3 19 1 1 1 5 1
o 5 3 19 1 1 1 3 9
o 9 3 19 1 1 1 6 9
o 13 3 19 1 1 1 1 9
o 17 3 19 1 1 1 2 9
o 25 3 19 1 1 1 10 9
o 1 4 19 1 1 1 1 1
o 5 4 19 1 1 1 13 9
o 9 4 19 1 1 1 5 9
o 13 4 19 1 1 1 5 9
o 17 4 19 1 1 1 0 9
o 25 4 19 1 1 1 11 9
o 2 5 19 1 1 1 12 16
o 3 5 19 1 1 1 7 16
o 4 5 19 1 1 1 5 16
o 6 5 19 1 1 1 0 16
o 7 5 19 1 1 1 13 16
o 8 5 19 1 1 1 2 16
o 10 5 19 1 1 1 11 16
o 11 5 19 1 1 1 4 16
o 12 5 19 1 1 1 5 16
o 14 5 19 1 1 1 13 16
o 15 5 19 1 1 1 2 16
o 16 5 19 1 1 1 5 16
o 18 5 19 1 1 1 9 16
o 19 5 19 1 1 1 14 16
o 20 5 19 1 1 1 14 16
o 21 5 19 1 1 1 1 16
o 22 5 19 1 1 1 1 16
o 23 5 19 1 1 1 12 16
o 24 5 19 1 1 1 2 16
o 26 5 19 1 1 1 11 16
o 27 5 19 1 1 1 15 16
o 28 5 19 1 1 1 9 16
o 29 5 19 1 1 1 13 16
o 30 5 19 1 1 1 9 16
o 31 5 19 1 1 1 0 16
o 2 0 20 1 1 1 2 2
o 3 0 20 1 1 1 2 2
o 4 0 20 1 1 1 13 2
o 6 0 20 1 1 1 12 2
o 7 0 20 1 1 1 3 2
o 8 0 20 1 1 1 15 2
o 10 0 20 1 1 1 12 2
o 11 0 20 1 1 1 8 2
o 12 0 20 1 1 1 1 2
o 14 0 20 1 1 1 1 2
o 15 0 20 1 1 1 3 2
o 16 0 20 1 1 1 8 2
o 18 0 20 1 1 1 5 2
o 19 0 20 1 1 1 0 2
o 20 0 20 1 1 1 7 2
o 21 0 20 1 1 1 1 2
o 22 0 20 1 1 1 0 2
o 23 0 20 1 1 1 8 2
o 24 0 20 1 1 1 1 2
o 26 0 20 1 1 1 10 2
o 27 0 20 1 1 1 7 2
o 28 0 20 1 1 1 10 2
o 29 0 20 1 1 1 6 2
o 30 0 20 1 1 1 13 2
o 31 0 20 1 1 1 3 2
o 1 1 20 1 1 1 11 1
o 5 1 20 1 1 1 4 9
o 9 1 20 1 1 1 15 9
o 13 1 20 1 1 1 1 9
o 17 1 20 1 1 1 15 9
o 25 1 20 1 1 1 10 9
o 1 2 20 1 1 1 11 1
o 5 2 20 1 1 1 7 9
o 9 2 20 1 1 1 8 9
o 13 2 20 1 1 1 2 9
o 17 2 20 1 1 1 8 9
o 25 2 20 1 1 1 7 9
o 1 3 20 1 1 1 4 1
o 5 3 20 1 1 1 7 9
o 9 3 20 1 1 1 7 9
o 13 3 20 1 1 1 14 9
o 17 3 20 1 1 1 2 9
o 25 3 20 1 1 1 2 9
o 1 4 20 1 1 1 10 1
o 5 4 20 1 1 1 9 9
o 9 4 20 1 1 1 12 9
o 13 4 20 1 1 1 6 9
o 17 4 20 1 1 1 0 9
o 25 4 20 1 1 1 13 9
o 2 5 20 1 1 1 4 16
o 3 5 20 1 1 1 6 16
o 4 5 20 1 1 1 4 16
o 6 5 20 1 1 1 8 16
o 7 5 20 1 1 1 4 16
o 8 5 20 1 1 1 6 16
o 10 5 20 1 1 1 11 16
o 11 5 20 1 1 1 15 16
o 12 5 20 1 1 1 14 16
o 14 5 20 1 1 1 12 16
o 15 5 20 1 1 1 15 16
o 16 5 20 1 1 1 4 16
o 18 5 20 1 1 1 7 16
o 19 5 20 1 1 1 2 16
o 20 5 20 1 1 1 14 16
o 21 5 20 1 1 1 12 16
o 22 5 20 1 1 1 4 16
o 23 5 20 1 1 1 10 16
o 24 5 20 1 1 1 9 16
o 26 5 20 1 1 1 0 16
o 27 5 20 1 1 1 7 16
o 28 5 20 1 1 1 9 16
o 29 5 20 1 1 1 6 16
o 30 5 20 1 1 1 13 16
o 31 5 20 1 1 1 4 16
o 2 0 21 1 1 1 1 2
o 3 0 21 1 1 1 9 2
o 4 0 21 1 1 1 9 2
o 6 0 21 1 1 1 13 2
o 7 0 21 1 1 1 13 2
o 8 0 21 1 1 1 1 2
o 10 0 21 1 1 1 8 2
o 11 0 21 1 1 1 5 2
o 12 0 21 1 1 1 6 2
o 14 0 21 1 1 1 10 2
o 15 0 21 1 1 1 11 2
o 16 0 21 1 1 1 5 2
o 18 0 21 1 1 1 14 2
o 19 0 21 1 1 1 6 2
o 20 0 21 1 1 1 4 2
o 21 0 21 1 1 1 4 2
o 22 0 21 1 1 1 9 2
o 23 0 21 1 1 1 11 2
o 24 0 21 1 1 1 14 2
o 26 0 21 1 1 1 2 2
o 27 0 21 1 1 1 13 2
o 28 0 21 1 1 1 0 2
o 29 0 21 1 1 1 13 2
o 30 0 21 1 1 1 14 2
o 31 0 21 1 1 1 14 2
o 1 1 21 1 1 1 7 1
o 5 1 21 1 1 1 7 9
o 9 1 21 1 1 1 11 9
o 13 1 21 1 1 1 13 9
o 17 1 21 1 1 1 9 9
o 25 1 21 1 1 1 12 9
o 1 2 21 1 1 1 0 1
o 5 2 21 1 1 1 15 9
o 9 2 21 1 1 1 2 9
o 13 2 21 1 1 1 3 9
o 17 2 21 1 1 1 15 9
o 25 2 21 1 1 1 4 9
o 1 3 21 1 1 1 12 1
o 5 3 21 1 1 1 12 9
o 9 3 21 1 1 1 2 9
o 13 3 21 1 1 1 3 9
o 17 3 21 1 1 1 8 9
o 25 3 21 1 1 1 7 9
o 1 4 21 1 1 1 0 1
o 5 4 21 1 1 1 13 9
o 9 4 21 1 1 1 4 9
o 13 4 21 1 1 1 1 9
o 17 4 21 1 1 1 11 9
o 25 4 21 1 1 1 6 9
o 2 5 21 1 1 1 9 16
o 3 5 21 1 1 1 1 16
o 4 5 21 1 1 1 0 16
o 6 5 21 1 1 1 9 16
o 7 5 21 1 1 1 7 16
o 8 5 21 1 1 1 10 16
o 10 5 21 1 1 1 5 16
o 11 5 21 1 1 1 9 16
o 12 5 21 1 1 1 8 16
o 14 5 21 1 1 1 5 16
o 15 5 21 1 1 1 13 16
o 16 5 21 1 1 1 2 16
o 18 5 21 1 1 1 4 16
o 19 5 21 1 1 1 0 16
o 20 5 21 1 1 1 0 16
o 21 5 21 1 1 1 7 16
o 22 5 21 1 1 1 1 16
o 23 5 21 1 1 1 2 16
o 24 5 21 1 1 1 12 16
o 26 5 21 1 1 1 8 16
o 27 5 21 1 1 1 2 16
o 28 5 21 1 1 1 8 16
o 29 5 21 1 1 1 10 16
o 30 5 21 1 1 1 14 16
o 31 5 21 1 1 1 7 16
o 2 0 22 1 1 1 5 2
o 3 0 22 1 1 1 1 2
o 4 0 22 1 1 1 5 2
o 6 0 22 1 1 1 3 2
o 7 0 22 1 1 1 12 2
o 8 0 22 1 1 1 1 2
o 10 0 22 1 1 1 13 2
o 11 0 22 1 1 1 10 2
o 12 0 22 1 1 1 15 2
o 14 0 22 1 1 1 5 2
o 15 0 22 1 1 1 15 2
o 16 0 22 1 1 1 12 2
o 18 0 22 1 1 1 3 2
o 19 0 22 1 1 1 1 2
o 20 0 22 1 1 1 11 2
o 26 0 22 1 1 1 7 2
o 27 0 22 1 1 1 3 2
o 28 0 22 1 1 1 9 2
o 1 1 22 1 1 1 12 1
o 5 1 22 1 1 1 2 13
o 9 1 22 1 1 1 0 9
o 13 1 22 1 1 1 0 13
o 17 1 22 1 1 1 11 13
o 21 1 22 1 1 1 3 40
o 22 1 22 1 1 1 7 36
o 23 1 22 1 1 1 9 36
o 24 1 22 1 1 1 4 36
o 25 1 22 1 1 1 0 1
o 29 1 22 1 1 1 8 44
o 30 1 22 1 1 1 14 36
o 31 1 22 1 1 1 5 36
o 1 2 22 1 1 1 5 1
o 5 2 22 1 1 1 5 13
o 9 2 22 1 1 1 8 9
o 13 2 22 1 1 1 9 13
o 17 2 22 1 1 1 15 13
o 21 2 22 1 1 1 5 40
o 22 2 22 1 1 1 10 36
o 23 2 22 1 1 1 9 36
o 24 2 22 1 1 1 11 36
o 25 2 22 1 1 1 10 1
o 29 2 22 1 1 1 8 44
o 30 2 22 1 1 1 7 36
o 31 2 22 1 1 1 15 36
o 1 3 22 1 1 1 8 1
o 5 3 22 1 1 1 13 13
o 9 3 22 1 1 1 12 9
o 13 3 22 1 1 1 9 13
o 17 3 22 1 1 1 15 13
o 21 3 22 1 1 1 15 40
o 22 3 22 1 1 1 1 36
o 23 3 22 1 1 1 2 36
o 24 3 22 1 1 1 1 36
o 25 3 22 1 1 1 5 1
o 29 3 22 1 1 1 2 44
o 30 3 22 1 1 1 13 36
o 31 3 22 1 1 1 0 36
o 1 4 22 1 1 1 1 1
o 5 4 22 1 1 1 9 13
o 9 4 22 1 1 1 0 9
o 13 4 22 1 1 1 3 13
o 17 4 22 1 1 1 7 13
o 21 4 22 1 1 1 11 40
o 22 4 22 1 1 1 6 36
o 23 4 22 1 1 1 0 36
o 24 4 22 1 1 1 15 36
o 25 4 22 1 1 1 0 1
o 29 4 22 1 1 1 6 44
o 30 4 22 1 1 1 8 36
o 31 4 22 1 1 1 12 36
o 2 5 22 1 1 1 4 16
o 3 5 22 1 1 1 15 16
o 4 5 22 1 1 1 9 16
o 6 5 22 1 1 1 11 16
o 7 5 22 1 1 1 10 16
o 8 5 22 1 1 1 14 16
o 10 5 22 1 1 1 2 16
o 11 5 22 1 1 1 1 16
o 12 5 22 1 1 1 13 16
o 14 5 22 1 1 1 3 16
o 15 5 22 1 1 1 10 16
o 16 5 22 1 1 1 15 16
o 18 5 22 1 1 1 7 16
o 19 5 22 1 1 1 10 16
o 20 5 22 1 1 1 0 16
o 26 5 22 1 1 1 13 16
o 27 5 22 1 1 1 5 16
o 28 5 22 1 1 1 6 16
o 2 0 23 1 1 1 11 2
o 3 0 23 1 1 1 4 2
o 4 0 23 1 1 1 3 2
o 5 0 23 1 1 1 0 2
o 6 0 23 1 1 1 15 2
o 7 0 23 1 1 1 5 2
o 8 0 23 1 1 1 8 2
o 10 0 23 1 1 1 4 2
o 11 0 23 1 1 1 15 2
o 12 0 23 1 1 1 15 2
o 13 0 23 1 1 1 10 2
o 14 0 23 1 1 1 0 2
o 15 0 23 1 1 1 8 2
o 16 0 23 1 1 1 11 2
o 17 0 23 1 1 1 2 2
o 18 0 23 1 1 1 9 2
o 19 0 23 1 1 1 2 2
o 20 0 23 1 1 1 15 2
o 22 0 23 1 1 1 1 2
o 23 0 23 1 1 1 14 2
o 24 0 23 1 1 1 3 2
o 26 0 23 1 1 1 13 2
o 27 0 23 1 1 1 14 2
o 28 0 23 1 1 1 9 2
o 29 0 23 1 1 1 1 2
o 30 0 23 1 1 1 13 2
o 31 0 23 1 1 1 9 2
o 1 1 23 1 1 1 8 1
o 9 1 23 1 1 1 4 9
o 21 1 23 1 1 1 3 9
o 25 1 23 1 1 1 15 9
o 1 2 23 1 1 1 13 1
o 9 2 23 1 1 1 1 9
o 21 2 23 1 1 1 1 9
o 25 2 23 1 1 1 15 9
o 1 3 23 1 1 1 8 1
o 9 3 23 1 1 1 1 9
o 21 3 23 1 1 1 8 9
o 25 3 23 1 1 1 11 9
o 1 4 23 1 1 1 4 1
o 9 4 23 1 1 1 9 9
o 21 4 23 1 1 1 5 9
o 25 4 23 1 1 1 10 9
o 2 5 23 1 1 1 4 16
o 3 5 23 1 1 1 13 16
o 4 5 23 1 1 1 2 16
o 5 5 23 1 1 1 5 16
o 6 5 23 1 1 1 11 16
o 7 5 23 1 1 1 4 16
o 8 5 23 1 1 1 5 16
o 10 5 23 1 1 1 7 16
o 11 5 23 1 1 1 4 16
o 12 5 23 1 1 1 2 16
o 13 5 23 1 1 1 12 16
o 14 5 23 1 1 1 0 16
o 15 5 23 1 1 1 12 16
o 16 5 23 1 1 1 1 16
o 17 5 23 1 1 1 10 16
o 18 5 23 1 1 1 14 16
o 19 5 23 1 1 1 8 16
o 20 5 23 1 1 1 1 16
o 22 5 23 1 1 1 2 16
o 23 5 23 1 1 1 1 16
o 24 5 23 1 1 1 10 16
o 26 5 23 1 1 1 6 16
o 27 5 23 1 1 1 13 16
o 28 5 23 1 1 1 9 16
o 29 5 23 1 1 1 0 16
o 30 5 23 1 1 1 5 16
o 31 5 23 1 1 1 3 16
o 2 0 24 1 1 1 5 2
o 3 0 24 1 1 1 0 2
o 4 0 24 1 1 1 10 2
o 5 0 24 1 1 1 4 2
o 6 0 24 1 1 1 0 2
o 7 0 24 1 1 1 8 2
o 8 0 24 1 1 1 6 2
o 10 0 24 1 1 1 2 2
o 11 0 24 1 1 1 13 2
o 12 0 24 1 1 1 15 2
o 13 0 24 1 1 1 4 2
o 14 0 24 1 1 1 2 2
o 15 0 24 1 1 1 6 2
o 16 0 24 1 1 1 7 2
o 17 0 24 1 1 1 6 2
o 18 0 24 1 1 1 6 2
o 19 0 24 1 1 1 12 2
o 20 0 24 1 1 1 4 2
o 22 0 24 1 1 1 13 2
o 23 0 24 1 1 1 3 2
o 24 0 24 1 1 1 13 2
o 26 0 24 1 1 1 2 2
o 27 0 24 1 1 1 6 2
o 28 0 24 1 1 1 12 2
o 29 0 24 1 1 1 0 2
o 30 0 24 1 1 1 2 2
o 31 0 24 1 1 1 10 2
o 1 1 24 1 1 1 3 1
o 9 1 24 1 1 1 14 9
o 21 1 24 1 1 1 12 9
o 25 1 24 1 1 1 2 9
o 1 2 24 1 1 1 1 1
o 9 2 24 1 1 1 4 9
o 21 2 24 1 1 1 11 9
o 25 2 24 1 1 1 10 9
o 1 3 24 1 1 1 15 1
o 9 3 24 1 1 1 7 9
o 21 3 24 1 1 1 15 9
o 25 3 24 1 1 1 14 9
o 1 4 24 1 1 1 10 1
o 9 4 24 1 1 1 12 9
o 21 4 24 1 1 1 12 9
o 25 4 24 1 1 1 3 9
o 2 5 24 1 1 1 15 16
o 3 5 24 1 1 1 4 16
o 4 5 24 1 1 1 4 16
o 5 5 24 1 1 1 3 16
o 6 5 24 1 1 1 9 16
o 7 5 24 1 1 1 4 16
o 8 5 24 1 1 1 10 16
o 10 5 24 1 1 1 11 16
o 11 5 24 1 1 1 5 16
o 12 5 24 1 1 1 14 16
o 13 5 24 1 1 1 5 16
o 14 5 24 1 1 1 2 16
o 15 5 24 1 1 1 15 16
o 16 5 24 1 1 1 0 16
o 17 5 24 1 1 1 10 16
o 18 5 24 1 1 1 1 16
o 19 5 24 1 1 1 8 16
o 20 5 24 1 1 1 9 16
o 22 5 24 1 1 1 2 16
o 23 5 24 1 1 1 7 16
o 24 5 24 1 1 1 13 16
o 26 5 24 1 1 1 13 16
o 27 5 24 1 1 1 1 16
o 28 5 24 1 1 1 0 16
o 29 5 24 1 1 1 3 16
o 30 5 24 1 1 1 11 16
o 31 5 24 1 1 1 10 16
o 2 0 25 1 1 1 2 2
o 3 0 25 1 1 1 13 2
o 4 0 25 1 1 1 1 2
o 5 0 25 1 1 1 0 2
o 6 0 25 1 1 1 8 2
o 7 0 25 1 1 1 7 2
o 8 0 25 1 1 1 8 2
o 10 0 25 1 1 1 5 2
o 11 0 25 1 1 1 4 2
o 12 0 25 1 1 1 8 2
o 13 0 25 1 1 1 6 2
o 14 0 25 1 1 1 8 2
o 15 0 25 1 1 1 7 2
o 16 0 25 1 1 1 10 2
o 17 0 25 1 1 1 15 2
o 18 0 25 1 1 1 13 2
o 19 0 25 1 1 1 3 2
o 20 0 25 1 1 1 4 2
o 22 0 25 1 1 1 7 2
o 23 0 25 1 1 1 0 2
o 24 0 25 1 1 1 10 2
o 26 0 25 1 1 1 1 2
o 27 0 25 1 1 1 3 2
o 28 0 25 1 1 1 6 2
o 29 0 25 1 1 1 6 2
o 30 0 25 1 1 1 15 2
o 31 0 25 1 1 1 13 2
o 1 1 25 1 1 1 0 1
o 9 1 25 1 1 1 15 9
o 21 1 25 1 1 1 7 9
o 25 1 25 1 1 1 4 9
o 1 2 25 1 1 1 5 1
o 9 2 25 1 1 1 7 9
o 21 2 25 1 1 1 15 9
o 25 2 25 1 1 1 13 9
o 1 3 25 1 1 1 4 1
o 9 3 25 1 1 1 8 9
o 21 3 25 1 1 1 2 9
o 25 3 25 1 1 1 6 9
o 1 4 25 1 1 1 0 1
o 9 4 25 1 1 1 12 9
o 21 4 25 1 1 1 6 9
o 25 4 25 1 1 1 12 9
o 2 5 25 1 1 1 5 16
o 3 5 25 1 1 1 0 16
o 4 5 25 1 1 1 0 16
o 5 5 25 1 1 1 1 16
o 6 5 25 1 1 1 2 16
o 7 5 25 1 1 1 14 16
o 8 5 25 1 1 1 2 16
o 10 5 25 1 1 1 14 16
o 11 5 25 1 1 1 14 16
o 12 5 25 1 1 1 12 16
o 13 5 25 1 1 1 15 16
o 14 5 25 1 1 1 2 16
o 15 5 25 1 1 1 5 16
o 16 5 25 1 1 1 5 16
o 17 5 25 1 1 1 14 16
o 18 5 25 1 1 1 0 16
o 19 5 25 1 1 1 14 16
o 20 5 25 1 1 1 7 16
o 22 5 25 1 1 1 13 16
o 23 5 25 1 1 1 1 16
o 24 5 25 1 1 1 1 16
o 26 5 25 1 1 1 10 16
o 27 5 25 1 1 1 10 16
o 28 5 25 1 1 1 1 16
o 29 5 25 1 1 1 2 16
o 30 5 25 1 1 1 9 16
o 31 5 25 1 1 1 12 16
o 18 0 26 1 1 1 14 2
o 19 0 26 1 1 1 12 2
o 20 0 26 1 1 1 0 2
o 22 0 26 1 1 1 2 2
o 23 0 26 1 1 1 3 2
o 24 0 26 1 1 1 15 2
o 30 0 26 1 1 1 0 2
o 31 0 26 1 1 1 15 2
o 2 1 26 1 1 1 1 36
o 3 1 26 1 1 1 8 36
o 4 1 26 1 1 1 15 36
o 5 1 26 1 1 1 0 36
o 6 1 26 1 1 1 10 36
o 7 1 26 1 1 1 5 36
o 8 1 26 1 1 1 13 36
o 10 1 26 1 1 1 15 36
o 11 1 26 1 1 1 5 36
o 12 1 26 1 1 1 6 36
o 13 1 26 1 1 1 14 36
o 14 1 26 1 1 1 13 36
o 15 1 26 1 1 1 1 36
o 16 1 26 1 1 1 9 36
o 17 1 26 1 1 1 3 37
o 21 1 26 1 1 1 12 13
o 25 1 26 1 1 1 9 12
o 26 1 26 1 1 1 4 36
o 27 1 26 1 1 1 8 36
o 28 1 26 1 1 1 6 36
o 29 1 26 1 1 1 12 33
o 2 2 26 1 1 1 15 36
o 3 2 26 1 1 1 8 36
o 4 2 26 1 1 1 2 36
o 5 2 26 1 1 1 6 36
o 6 2 26 1 1 1 1 36
o 7 2 26 1 1 1 7 36
o 8 2 26 1 1 1 7 36
o 10 2 26 1 1 1 12 36
o 11 2 26 1 1 1 15 36
o 12 2 26 1 1 1 9 36
o 13 2 26 1 1 1 9 36
o 14 2 26 1 1 1 14 36
o 15 2 26 1 1 1 2 36
o 16 2 26 1 1 1 0 36
o 17 2 26 1 1 1 4 37
o 21 2 26 1 1 1 14 13
o 25 2 26 1 1 1 7 12
o 26 2 26 1 1 1 13 36
o 27 2 26 1 1 1 4 36
o 28 2 26 1 1 1 11 36
o 29 2 26 1 1 1 0 33
o 2 3 26 1 1 1 5 36
o 3 3 26 1 1 1 6 36
o 4 3 26 1 1 1 12 36
o 5 3 26 1 1 1 5 36
o 6 3 26 1 1 1 9 36
o 7 3 26 1 1 1 7 36
o 8 3 26 1 1 1 12 36
o 10 3 26 1 1 1 2 36
o 11 3 26 1 1 1 0 36
o 12 3 26 1 1 1 14 36
o 13 3 26 1 1 1 15 36
o 14 3 26 1 1 1 15 36
o 15 3 26 1 1 1 9 36
o 16 3 26 1 1 1 13 36
o 17 3 26 1 1 1 10 37
o 21 3 26 1 1 1 11 13
o 25 3 26 1 1 1 12 12
o 26 3 26 1 1 1 15 36
o 27 3 26 1 1 1 10 36
o 28 3 26 1 1 1 8 36
o 29 3 26 1 1 1 14 33
o 2 4 26 1 1 1 11 36
o 3 4 26 1 1 1 5 36
o 4 4 26 1 1 1 6 36
o 5 4 26 1 1 1 9 36
o 6 4 26 1 1 1 8 36
o 7 4 26 1 1 1 8 36
o 8 4 26 1 1 1 10 36
o 10 4 26 1 1 1 6 36
o 11 4 26 1 1 1 2 36
o 12 4 26 1 1 1 2 36
o 13 4 26 1 1 1 5 36
o 14 4 26 1 1 1 15 36
o 15 4 26 1 1 1 12 36
o 16 4 26 1 1 1 10 36
o 17 4 26 1 1 1 1 37
o 21 4 26 1 1 1 9 13
o 25 4 26 1 1 1 5 12
o 26 4 26 1 1 1 0 36
o 27 4 26 1 1 1 12 36
o 28 4 26 1 1 1 13 36
o 29 4 26 1 1 1 13 33
o 18 5 26 1 1 1 4 16
o 19 5 26 1 1 1 13 16
o 20 5 26 1 1 1 5 16
o 22 5 26 1 1 1 9 16
o 23 5 26 1 1 1 1 16
o 24 5 26 1 1 1 6 16
o 30 5 26 1 1 1 1 16
o 31 5 26 1 1 1 14 16
o 2 0 27 1 1 1 12 2
o 3 0 27 1 1 1 13 2
o 4 0 27 1 1 1 6 2
o 5 0 27 1 1 1 4 2
o 6 0 27 1 1 1 12 2
o 7 0 27 1 1 1 3 2
o 8 0 27 1 1 1 15 2
o 10 0 27 1 1 1 14 2
o 11 0 27 1 1 1 6 2
o 12 0 27 1 1 1 8 2
o 13 0 27 1 1 1 6 2
o 14 0 27 1 1 1 0 2
o 15 0 27 1 1 1 6 2
o 16 0 27 1 1 1 13 2
o 17 0 27 1 1 1 9 2
o 18 0 27 1 1 1 11 2
o 19 0 27 1 1 1 12 2
o 20 0 27 1 1 1 0 2
o 21 0 27 1 1 1 13 2
o 22 0 27 1 1 1 0 2
o 23 0 27 1 1 1 14 2
o 24 0 27 1 1 1 13 2
o 25 0 27 1 1 1 6 2
o 26 0 27 1 1 1 15 2
o 27 0 27 1 1 1 13 2
o 28 0 27 1 1 1 0 2
o 30 0 27 1 1 1 7 2
o 31 0 27 1 1 1 13 2
o 1 1 27 1 1 1 2 1
o 9 1 27 1 1 1 11 9
o 29 1 27 1 1 1 14 9
o 1 2 27 1 1 1 11 1
o 9 2 27 1 1 1 13 9
o 29 2 27 1 1 1 12 9
o 1 3 27 1 1 1 6 1
o 9 3 27 1 1 1 2 9
o 29 3 27 1 1 1 14 9
o 1 4 27 1 1 1 6 1
o 9 4 27 1 1 1 13 9
o 29 4 27 1 1 1 14 9
o 2 5 27 1 1 1 15 16
o 3 5 27 1 1 1 8 16
o 4 5 27 1 1 1 8 16
o 5 5 27 1 1 1 15 16
o 6 5 27 1 1 1 0 16
o 7 5 27 1 1 1 4 16
o 8 5 27 1 1 1 5 16
o 10 5 27 1 1 1 12 16
o 11 5 27 1 1 1 11 16
o 12 5 27 1 1 1 9 16
o 13 5 27 1 1 1 9 16
o 14 5 27 1 1 1 5 16
o 15 5 27 1 1 1 15 16
o 16 5 27 1 1 1 5 16
o 17 5 27 1 1 1 8 16
o 18 5 27 1 1 1 11 16
o 19 5 27 1 1 1 4 16
o 20 5 27 1 1 1 1 16
o 21 5 27 1 1 1 4 16
o 22 5 27 1 1 1 5 16
o 23 5 27 1 1 1 13 16
o 24 5 27 1 1 1 13 16
o 25 5 27 1 1 1 11 16
o 26 5 27 1 1 1 2 16
o 27 5 27 1 1 1 0 16
o 28 5 27 1 1 1 5 16
o 30 5 27 1 1 1 14 16
o 31 5 27 1 1 1 15 16
o 2 0 28 1 1 1 6 2
o 3 0 28 1 1 1 1 2
o 4 0 28 1 1 1 14 2
o 5 0 28 1 1 1 5 2
o 6 0 28 1 1 1 5 2
o 7 0 28 1 1 1 11 2
o 8 0 28 1 1 1 10 2
o 10 0 28 1 1 1 3 2
o 11 0 28 1 1 1 11 2
o 12 0 28 1 1 1 6 2
o 13 0 28 1 1 1 8 2
o 14 0 28 1 1 1 1 2
o 15 0 28 1 1 1 2 2
o 16 0 28 1 1 1 12 2
o 17 0 28 1 1 1 4 2
o 18 0 28 1 1 1 10 2
o 19 0 28 1 1 1 0 2
o 20 0 28 1 1 1 0 2
o 21 0 28 1 1 1 2 2
o 22 0 28 1 1 1 3 2
o 23 0 28 1 1 1 3 2
o 24 0 28 1 1 1 10 2
o 25 0 28 1 1 1 15 2
o 26 0 28 1 1 1 2 2
o 27 0 28 1 1 1 9 2
o 28 0 28 1 1 1 4 2
o 30 0 28 1 1 1 14 2
o 31 0 28 1 1 1 15 2
o 1 1 28 1 1 1 7 1
o 9 1 28 1 1 1 1 9
o 29 1 28 1 1 1 6 9
o 1 2 28 1 1 1 15 1
o 9 2 28 1 1 1 11 9
o 29 2 28 1 1 1 15 9
o 1 3 28 1 1 1 10 1
o 9 3 28 1 1 1 3 9
o 29 3 28 1 1 1 12 9
o 1 4 28 1 1 1 14 1
o 9 4 28 1 1 1 6 9
o 29 4 28 1 1 1 2 9
o 2 5 28 1 1 1 1 16
o 3 5 28 1 1 1 15 16
o 4 5 28 1 1 1 14 16
o 5 5 28 1 1 1 13 16
o 6 5 28 1 1 1 10 16
o 7 5 28 1 1 1 15 16
o 8 5 28 1 1 1 0 16
o 10 5 28 1 1 1 12 16
o 11 5 28 1 1 1 0 16
o 12 5 28 1 1 1 12 16
o 13 5 28 1 1 1 14 16
o 14 5 28 1 1 1 7 16
o 15 5 28 1 1 1 6 16
o 16 5 28 1 1 1 5 16
o 17 5 28 1 1 1 12 16
o 18 5 28 1 1 1 7 16
o 19 5 28 1 1 1 3 16
o 20 5 28 1 1 1 6 16
o 21 5 28 1 1 1 2 16
o 22 5 28 1 1 1 7 16
o 23 5 28 1 1 1 14 16
o 24 5 28 1 1 1 9 16
o 25 5 28 1 1 1 12 16
o 26 5 28 1 1 1 14 16
o 27 5 28 1 1 1 9 16
o 28 5 28 1 1 1 12 16
o 30 5 28 1 1 1 2 16
o 31 5 28 1 1 1 5 16
o 2 0 29 1 1 1 14 2
o 3 0 29 1 1 1 0 2
o 4 0 29 1 1 1 15 2
o 5 0 29 1 1 1 14 2
o 6 0 29 1 1 1 3 2
o 7 0 29 1 1 1 6 2
o 8 0 29 1 1 1 0 2
o 10 0 29 1 1 1 15 2
o 11 0 29 1 1 1 0 2
o 12 0 29 1 1 1 12 2
o 13 0 29 1 1 1 14 2
o 14 0 29 1 1 1 8 2
o 15 0 29 1 1 1 14 2
o 16 0 29 1 1 1 7 2
o 17 0 29 1 1 1 7 2
o 18 0 29 1 1 1 14 2
o 19 0 29 1 1 1 4 2
o 20 0 29 1 1 1 0 2
o 21 0 29 1 1 1 2 2
o 22 0 29 1 1 1 5 2
o 23 0 29 1 1 1 12 2
o 24 0 29 1 1 1 7 2
o 25 0 29 1 1 1 13 2
o 26 0 29 1 1 1 14 2
o 27 0 29 1 1 1 15 2
o 28 0 29 1 1 1 9 2
o 30 0 29 1 1 1 9 2
o 31 0 29 1 1 1 1 2
o 1 1 29 1 1 1 5 1
o 9 1 29 1 1 1 14 9
o 29 1 29 1 1 1 10 9
o 1 2 29 1 1 1 5 1
o 9 2 29 1 1 1 4 9
o 29 2 29 1 1 1 15 9
o 1 3 29 1 1 1 6 1
o 9 3 29 1 1 1 2 9
o 29 3 29 1 1 1 2 9
o 1 4 29 1 1 1 3 1
o 9 4 29 1 1 1 8 9
o 29 4 29 1 1 1 13 9
o 2 5 29 1 1 1 15 16
o 3 5 29 1 1 1 15 16
o 4 5 29 1 1 1 10 16
o 5 5 29 1 1 1 4 16
o 6 5 29 1 1 1 10 16
o 7 5 29 1 1 1 11 16
o 8 5 29 1 1 1 12 16
o 10 5 29 1 1 1 8 16
o 11 5 29 1 1 1 6 16
o 12 5 29 1 1 1 15 16
o 13 5 29 1 1 1 3 16
o 14 5 29 1 1 1 11 16
o 15 5 29 1 1 1 0 16
o 16 5 29 1 1 1 6 16
o 17 5 29 1 1 1 2 16
o 18 5 29 1 1 1 1 16
o 19 5 29 1 1 1 0 16
o 20 5 29 1 1 1 0 16
o 21 5 29 1 1 1 13 16
o 22 5 29 1 1 1 5 16
o 23 5 29 1 1 1 7 16
o 24 5 29 1 1 1 1 16
o 25 5 29 1 1 1 0 16
o 26 5 29 1 1 1 7 16
o 27 5 29 1 1 1 10 16
o 28 5 29 1 1 1 3 16
o 30 5 29 1 1 1 4 16
o 31 5 29 1 1 1 12 16
o 2 0 30 1 1 1 15 2
o 3 0 30 1 1 1 9 2
o 4 0 30 1 1 1 1 2
o 6 0 30 1 1 1 4 2
o 7 0 30 1 1 1 9 2
o 8 0 30 1 1 1 1 2
o 14 0 30 1 1 1 4 2
o 15 0 30 1 1 1 0 2
o 16 0 30 1 1 1 6 2
o 26 0 30 1 1 1 11 2
o 27 0 30 1 1 1 2 2
o 28 0 30 1 1 1 10 2
o 30 0 30 1 1 1 4 2
o 31 0 30 1 1 1 11 2
o 1 1 30 1 1 1 4 1
o 5 1 30 1 1 1 12 41
o 9 1 30 1 1 1 9 8
o 10 1 30 1 1 1 12 36
o 11 1 30 1 1 1 10 36
o 12 1 30 1 1 1 7 36
o 13 1 30 1 1 1 9 37
o 17 1 30 1 1 1 8 40
o 18 1 30 1 1 1 9 36
o 19 1 30 1 1 1 12 36
o 20 1 30 1 1 1 9 36
o 21 1 30 1 1 1 4 36
o 22 1 30 1 1 1 8 36
o 23 1 30 1 1 1 15 36
o 24 1 30 1 1 1 7 36
o 25 1 30 1 1 1 0 37
o 29 1 30 1 1 1 2 9
o 1 2 30 1 1 1 14 1
o 5 2 30 1 1 1 15 41
o 9 2 30 1 1 1 10 8
o 10 2 30 1 1 1 14 36
o 11 2 30 1 1 1 9 36
o 12 2 30 1 1 1 2 36
o 13 2 30 1 1 1 4 37
o 17 2 30 1 1 1 8 40
o 18 2 30 1 1 1 0 36
o 19 2 30 1 1 1 0 36
o 20 2 30 1 1 1 14 36
o 21 2 30 1 1 1 8 36
o 22 2 30 1 1 1 7 36
o 23 2 30 1 1 1 1 36
o 24 2 30 1 1 1 3 36
o 25 2 30 1 1 1 13 37
o 29 2 30 1 1 1 12 9
o 1 3 30 1 1 1 5 1
o 5 3 30 1 1 1 10 41
o 9 3 30 1 1 1 3 8
o 10 3 30 1 1 1 0 36
o 11 3 30 1 1 1 4 36
o 12 3 30 1 1 1 11 36
o 13 3 30 1 1 1 1 37
o 17 3 30 1 1 1 12 40
o 18 3 30 1 1 1 7 36
o 19 3 30 1 1 1 4 36
o 20 3 30 1 1 1 14 36
o 21 3 30 1 1 1 4 36
o 22 3 30 1 1 1 7 36
o 23 3 30 1 1 1 3 36
o 24 3 30 1 1 1 12 36
o 25 3 30 1 1 1 15 37
o 29 3 30 1 1 1 0 9
o 1 4 30 1 1 1 1 1
o 5 4 30 1 1 1 4 41
o 9 4 30 1 1 1 2 8
o 10 4 30 1 1 1 3 36
o 11 4 30 1 1 1 10 36
o 12 4 30 1 1 1 9 36
o 13 4 30 1 1 1 4 37
o 17 4 30 1 1 1 12 40
o 18 4 30 1 1 1 0 36
o 19 4 30 1 1 1 1 36
o 20 4 30 1 1 1 15 36
o 21 4 30 1 1 1 12 36
o 22 4 30 1 1 1 5 36
o 23 4 30 1 1 1 13 36
o 24 4 30 1 1 1 12 36
o 25 4 30 1 1 1 2 37
o 29 4 30 1 1 1 11 9
o 2 5 30 1 1 1 11 16
o 3 5 30 1 1 1 4 16
o 4 5 30 1 1 1 5 16
o 6 5 30 1 1 1 11 16
o 7 5 30 1 1 1 3 16
o 8 5 30 1 1 1 9 16
o 14 5 30 1 1 1 5 16
o 15 5 30 1 1 1 2 16
o 16 5 30 1 1 1 13 16
o 26 5 30 1 1 1 8 16
o 27 5 30 1 1 1 10 16
o 28 5 30 1 1 1 3 16
o 30 5 30 1 1 1 13 16
o 31 5 30 1 1 1 0 16
o 2 0 31 1 1 1 0 2
o 3 0 31 1 1 1 5 2
o 4 0 31 1 1 1 13 2
o 6 0 31 1 1 1 5 2
o 7 0 31 1 1 1 3 2
o 8 0 31 1 1 1 1 2
o 10 0 31 1 1 1 13 2
o 11 0 31 1 1 1 5 2
o 12 0 31 1 1 1 9 2
o 13 0 31 1 1 1 12 2
o 14 0 31 1 1 1 8 2
o 15 0 31 1 1 1 2 2
o 16 0 31 1 1 1 11 2
o 18 0 31 1 1 1 13 2
o 19 0 31 1 1 1 4 2
o 20 0 31 1 1 1 4 2
o 21 0 31 1 1 1 4 2
o 22 0 31 1 1 1 2 2
o 23 0 31 1 1 1 2 2
o 24 0 31 1 1 1 10 2
o 25 0 31 1 1 1 14 2
o 26 0 31 1 1 1 9 2
o 27 0 31 1 1 1 14 2
o 28 0 31 1 1 1 6 2
o 30 0 31 1 1 1 3 2
o 31 0 31 1 1 1 6 2
o 1 1 31 1 1 1 4 1
o 5 1 31 1 1 1 7 9
o 9 1 31 1 1 1 2 9
o 17 1 31 1 1 1 5 9
o 29 1 31 1 1 1 2 9
o 1 2 31 1 1 1 7 1
o 5 2 31 1 1 1 13 9
o 9 2 31 1 1 1 1 9
o 17 2 31 1 1 1 2 9
o 29 2 31 1 1 1 14 9
o 1 3 31 1 1 1 8 1
o 5 3 31 1 1 1 1 9
o 9 3 31 1 1 1 11 9
o 17 3 31 1 1 1 7 9
o 29 3 31 1 1 1 5 9
o 1 4 31 1 1 1 15 1
o 5 4 31 1 1 1 5 9
o 9 4 31 1 1 1 9 9
o 17 4 31 1 1 1 13 9
o 29 4 31 1 1 1 7 9
o 2 5 31 1 1 1 12 16
o 3 5 31 1 1 1 1 16
o 4 5 31 1 1 1 7 16
o 6 5 31 1 1 1 5 16
o 7 5 31 1 1 1 15 16
o 8 5 31 1 1 1 14 16
o 10 5 31 1 1 1 3 16
o 11 5 31 1 1 1 0 16
o 12 5 31 1 1 1 8 16
o 13 5 31 1 1 1 3 16
o 14 5 31 1 1 1 13 16
o 15 5 31 1 1 1 14 16
o 16 5 31 1 1 1 10 16
o 18 5 31 1 1 1 13 16
o 19 5 31 1 1 1 3 16
o 20 5 31 1 1 1 2 16
o 21 5 31 1 1 1 6 16
o 22 5 31 1 1 1 9 16
o 23 5 31 1 1 1 6 16
o 24 5 31 1 1 1 4 16
o 25 5 31 1 1 1 14 16
o 26 5 31 1 1 1 5 16
o 27 5 31 1 1 1 15 16
o 28 5 31 1 1 1 7 16
o 30 5 31 1 1 1 5 16
o 31 5 31 1 1 1 15 16